MEME version 4.4

ALPHABET= ACGT

strands: + -

Background letter frequencies (from uniform background):
 A 0.25000 C 0.25000 G 0.25000 T 0.25000

MOTIF 1gxp_1AB 1gxp_1AB

letter-probability matrix: alength= 4 w= 22 nsites= 20 E= 0
  0.169000	  0.401000	  0.321000	  0.109000
  0.174000	  0.389000	  0.285000	  0.152000
  0.215000	  0.313000	  0.233000	  0.239000
  0.250000	  0.233000	  0.334000	  0.183000
  0.067000	  0.160000	  0.662000	  0.112000
  0.092000	  0.336000	  0.220000	  0.352000
  0.410000	  0.229000	  0.111000	  0.250000
  0.120000	  0.333000	  0.300000	  0.247000
  0.077000	  0.275000	  0.174000	  0.474000
  0.051000	  0.297000	  0.240000	  0.412000
  0.048000	  0.178000	  0.267000	  0.507000
  0.172000	  0.480000	  0.280000	  0.068000
  0.083000	  0.621000	  0.269000	  0.027000
  0.075000	  0.548000	  0.305000	  0.072000
  0.147000	  0.343000	  0.343000	  0.167000
  0.182000	  0.236000	  0.211000	  0.371000
  0.115000	  0.126000	  0.164000	  0.595000
  0.248000	  0.099000	  0.148000	  0.505000
  0.299000	  0.196000	  0.201000	  0.304000
  0.200000	  0.250000	  0.258000	  0.292000
  0.142000	  0.252000	  0.352000	  0.254000
  0.061000	  0.195000	  0.427000	  0.317000

