MEME version 4.4

ALPHABET= ACGT

strands: + -

Background letter frequencies (from uniform background):
 A 0.25000 C 0.25000 G 0.25000 T 0.25000

MOTIF 1rz9_1A 1rz9_1A

letter-probability matrix: alength= 4 w= 19 nsites= 20 E= 0
  0.239000	  0.250000	  0.257000	  0.254000
  0.204000	  0.254000	  0.291000	  0.251000
  0.186000	  0.267000	  0.296000	  0.251000
  0.203000	  0.272000	  0.263000	  0.262000
  0.310000	  0.264000	  0.206000	  0.220000
  0.358000	  0.201000	  0.207000	  0.234000
  0.392000	  0.190000	  0.195000	  0.223000
  0.395000	  0.183000	  0.143000	  0.279000
  0.298000	  0.078000	  0.027000	  0.597000
  0.208000	  0.055000	  0.064000	  0.673000
  0.437000	  0.000000	  0.163000	  0.400000
  0.520000	  0.024000	  0.296000	  0.160000
  0.505000	  0.192000	  0.110000	  0.193000
  0.518000	  0.106000	  0.134000	  0.242000
  0.449000	  0.138000	  0.088000	  0.325000
  0.510000	  0.117000	  0.063000	  0.310000
  0.348000	  0.187000	  0.123000	  0.342000
  0.341000	  0.218000	  0.137000	  0.303000
  0.329000	  0.204000	  0.189000	  0.278000

