MEME version 4.4

ALPHABET= ACGT

strands: + -

Background letter frequencies (from uniform background):
 A 0.25000 C 0.25000 G 0.25000 T 0.25000

MOTIF 1s0n_1A 1s0n_1A

letter-probability matrix: alength= 4 w= 13 nsites= 20 E= 0
  0.296000	  0.155000	  0.301000	  0.248000
  0.170000	  0.099000	  0.544000	  0.187000
  0.182000	  0.138000	  0.233000	  0.447000
  0.346000	  0.333000	  0.093000	  0.228000
  0.354000	  0.280000	  0.254000	  0.112000
  0.393000	  0.425000	  0.140000	  0.042000
  0.294000	  0.352000	  0.310000	  0.044000
  0.228000	  0.349000	  0.361000	  0.062000
  0.198000	  0.323000	  0.270000	  0.209000
  0.265000	  0.202000	  0.188000	  0.345000
  0.307000	  0.179000	  0.334000	  0.180000
  0.217000	  0.204000	  0.344000	  0.235000
  0.211000	  0.239000	  0.299000	  0.251000

