MEME version 4.4

ALPHABET= ACGT

strands: + -

Background letter frequencies (from uniform background):
 A 0.25000 C 0.25000 G 0.25000 T 0.25000

MOTIF 1sc7_1A 1sc7_1A

letter-probability matrix: alength= 4 w= 12 nsites= 20 E= 0
  0.341000	  0.110000	  0.100000	  0.449000
  0.389000	  0.160000	  0.084000	  0.367000
  0.374000	  0.067000	  0.081000	  0.478000
  0.371000	  0.074000	  0.077000	  0.478000
  0.461000	  0.029000	  0.171000	  0.339000
  0.533000	  0.032000	  0.120000	  0.315000
  0.357000	  0.133000	  0.151000	  0.359000
  0.320000	  0.138000	  0.171000	  0.371000
  0.346000	  0.182000	  0.154000	  0.318000
  0.312000	  0.210000	  0.180000	  0.298000
  0.294000	  0.187000	  0.193000	  0.326000
  0.263000	  0.228000	  0.212000	  0.297000

