MEME version 4.4

ALPHABET= ACGT

strands: + -

Background letter frequencies (from uniform background):
 A 0.25000 C 0.25000 G 0.25000 T 0.25000

MOTIF 1zyq_1A 1zyq_1A

letter-probability matrix: alength= 4 w= 12 nsites= 20 E= 0
  0.285000	  0.197000	  0.419000	  0.099000
  0.297000	  0.531000	  0.048000	  0.124000
  0.090000	  0.620000	  0.141000	  0.149000
  0.042000	  0.471000	  0.211000	  0.276000
  0.057000	  0.246000	  0.024000	  0.673000
  0.169000	  0.016000	  0.053000	  0.762000
  0.224000	  0.038000	  0.119000	  0.619000
  0.204000	  0.125000	  0.358000	  0.313000
  0.125000	  0.147000	  0.321000	  0.407000
  0.165000	  0.276000	  0.233000	  0.326000
  0.262000	  0.190000	  0.181000	  0.367000
  0.255000	  0.361000	  0.206000	  0.178000

