MEME version 4.4

ALPHABET= ACGT

strands: + -

Background letter frequencies (from uniform background):
 A 0.25000 C 0.25000 G 0.25000 T 0.25000

MOTIF 2han_1AB 2han_1AB

letter-probability matrix: alength= 4 w= 19 nsites= 20 E= 0
  0.309000	  0.309000	  0.160000	  0.222000
  0.481000	  0.253000	  0.188000	  0.078000
  0.473000	  0.229000	  0.275000	  0.023000
  0.392000	  0.095000	  0.344000	  0.169000
  0.018000	  0.079000	  0.725000	  0.178000
  0.045000	  0.029000	  0.839000	  0.087000
  0.053000	  0.079000	  0.027000	  0.841000
  0.114000	  0.780000	  0.020000	  0.086000
  0.714000	  0.024000	  0.097000	  0.165000
  0.484000	  0.134000	  0.152000	  0.230000
  0.220000	  0.184000	  0.038000	  0.558000
  0.091000	  0.086000	  0.425000	  0.398000
  0.541000	  0.010000	  0.104000	  0.345000
  0.238000	  0.407000	  0.088000	  0.267000
  0.431000	  0.406000	  0.058000	  0.105000
  0.064000	  0.007000	  0.490000	  0.438000
  0.007000	  0.219000	  0.574000	  0.200000
  0.021000	  0.043000	  0.102000	  0.834000
  0.266000	  0.211000	  0.257000	  0.266000

