MEME version 4.4

ALPHABET= ACGT

strands: + -

Background letter frequencies (from uniform background):
 A 0.25000 C 0.25000 G 0.25000 T 0.25000

MOTIF 2zjq_1E 2zjq_1E

letter-probability matrix: alength= 4 w= 12 nsites= 20 E= 0
  0.205000	  0.246000	  0.296000	  0.253000
  0.253000	  0.232000	  0.259000	  0.256000
  0.269000	  0.212000	  0.350000	  0.169000
  0.327000	  0.145000	  0.249000	  0.279000
  0.080000	  0.446000	  0.100000	  0.374000
  0.117000	  0.501000	  0.200000	  0.182000
  0.073000	  0.007000	  0.728000	  0.192000
  0.381000	  0.021000	  0.277000	  0.321000
  0.118000	  0.701000	  0.176000	  0.005000
  0.250000	  0.147000	  0.408000	  0.195000
  0.211000	  0.402000	  0.296000	  0.091000
  0.130000	  0.222000	  0.490000	  0.158000

