MEME version 4.4

ALPHABET= ACGT

strands: + -

Background letter frequencies (from uniform background):
 A 0.25000 C 0.25000 G 0.25000 T 0.25000

MOTIF 3cro_1R 3cro_1R

letter-probability matrix: alength= 4 w= 19 nsites= 20 E= 0
  0.365000	  0.213000	  0.141000	  0.282000
  0.377000	  0.204000	  0.105000	  0.314000
  0.397000	  0.178000	  0.026000	  0.399000
  0.459000	  0.104000	  0.006000	  0.431000
  0.372000	  0.009000	  0.001000	  0.618000
  0.573000	  0.009000	  0.006000	  0.412000
  0.508000	  0.019000	  0.056000	  0.417000
  0.445000	  0.021000	  0.032000	  0.502000
  0.325000	  0.017000	  0.048000	  0.610000
  0.482000	  0.034000	  0.112000	  0.372000
  0.421000	  0.095000	  0.151000	  0.333000
  0.317000	  0.167000	  0.093000	  0.423000
  0.478000	  0.169000	  0.106000	  0.247000
  0.453000	  0.120000	  0.076000	  0.351000
  0.495000	  0.105000	  0.081000	  0.319000
  0.440000	  0.144000	  0.078000	  0.338000
  0.225000	  0.256000	  0.170000	  0.349000
  0.227000	  0.223000	  0.210000	  0.340000
  0.258000	  0.235000	  0.231000	  0.276000

