MEME version 4.4

ALPHABET= ACGT

strands: + -

Background letter frequencies (from uniform background):
 A 0.25000 C 0.25000 G 0.25000 T 0.25000

MOTIF 3wvp_1B 3wvp_1B

letter-probability matrix: alength= 4 w= 12 nsites= 20 E= 0
  0.175000	  0.300000	  0.242000	  0.283000
  0.263000	  0.191000	  0.298000	  0.248000
  0.308000	  0.229000	  0.212000	  0.251000
  0.208000	  0.247000	  0.162000	  0.383000
  0.242000	  0.223000	  0.162000	  0.373000
  0.294000	  0.178000	  0.189000	  0.339000
  0.235000	  0.195000	  0.104000	  0.466000
  0.267000	  0.077000	  0.097000	  0.559000
  0.442000	  0.071000	  0.058000	  0.429000
  0.383000	  0.102000	  0.077000	  0.438000
  0.374000	  0.115000	  0.124000	  0.387000
  0.321000	  0.215000	  0.167000	  0.297000

