MEME version 4.4

ALPHABET= ACGT

strands: + -

Background letter frequencies (from uniform background):
 A 0.25000 C 0.25000 G 0.25000 T 0.25000

MOTIF 4qr9_1AB 4qr9_1AB

letter-probability matrix: alength= 4 w= 20 nsites= 20 E= 0
  0.483000	  0.125000	  0.090000	  0.302000
  0.338000	  0.068000	  0.072000	  0.522000
  0.474000	  0.083000	  0.098000	  0.345000
  0.219000	  0.240000	  0.106000	  0.435000
  0.178000	  0.381000	  0.253000	  0.188000
  0.269000	  0.102000	  0.401000	  0.228000
  0.673000	  0.055000	  0.047000	  0.225000
  0.276000	  0.005000	  0.013000	  0.706000
  0.633000	  0.015000	  0.031000	  0.321000
  0.394000	  0.064000	  0.059000	  0.483000
  0.342000	  0.155000	  0.030000	  0.473000
  0.419000	  0.085000	  0.064000	  0.432000
  0.282000	  0.186000	  0.105000	  0.427000
  0.222000	  0.282000	  0.175000	  0.321000
  0.215000	  0.302000	  0.248000	  0.235000
  0.193000	  0.258000	  0.263000	  0.286000
  0.163000	  0.296000	  0.276000	  0.265000
  0.219000	  0.297000	  0.268000	  0.216000
  0.211000	  0.253000	  0.226000	  0.311000
  0.274000	  0.237000	  0.244000	  0.245000

