MEME version 4.4

ALPHABET= ACGT

strands: + -

Background letter frequencies (from uniform background):
 A 0.25000 C 0.25000 G 0.25000 T 0.25000

MOTIF 5fmf_11 5fmf_11

letter-probability matrix: alength= 4 w= 13 nsites= 20 E= 0
  0.241000	  0.241000	  0.260000	  0.258000
  0.227000	  0.233000	  0.261000	  0.279000
  0.242000	  0.301000	  0.224000	  0.233000
  0.304000	  0.289000	  0.203000	  0.204000
  0.317000	  0.218000	  0.222000	  0.243000
  0.276000	  0.167000	  0.268000	  0.289000
  0.303000	  0.113000	  0.238000	  0.346000
  0.393000	  0.027000	  0.274000	  0.306000
  0.067000	  0.025000	  0.254000	  0.654000
  0.107000	  0.006000	  0.359000	  0.528000
  0.435000	  0.053000	  0.156000	  0.356000
  0.200000	  0.432000	  0.118000	  0.250000
  0.285000	  0.295000	  0.150000	  0.270000

