MEME version 4.4

ALPHABET= ACGT

strands: + -

Background letter frequencies (from uniform background):
 A 0.25000 C 0.25000 G 0.25000 T 0.25000

MOTIF 6b0p_1D 6b0p_1D

letter-probability matrix: alength= 4 w= 12 nsites= 20 E= 0
  0.179000	  0.263000	  0.427000	  0.131000
  0.096000	  0.419000	  0.358000	  0.127000
  0.069000	  0.253000	  0.584000	  0.094000
  0.012000	  0.127000	  0.717000	  0.144000
  0.051000	  0.085000	  0.836000	  0.028000
  0.035000	  0.085000	  0.860000	  0.020000
  0.079000	  0.027000	  0.861000	  0.033000
  0.433000	  0.042000	  0.501000	  0.024000
  0.107000	  0.081000	  0.760000	  0.052000
  0.157000	  0.090000	  0.579000	  0.174000
  0.213000	  0.135000	  0.391000	  0.261000
  0.219000	  0.217000	  0.315000	  0.249000

