MEME version 4.4

ALPHABET= ACGT

strands: + -

Background letter frequencies (from uniform background):
 A 0.25000 C 0.25000 G 0.25000 T 0.25000

MOTIF 6cnd_1ABOPSR 6cnd_1ABOPSR

letter-probability matrix: alength= 4 w= 17 nsites= 20 E= 0
  0.271000	  0.225000	  0.256000	  0.248000
  0.313000	  0.206000	  0.242000	  0.239000
  0.400000	  0.175000	  0.199000	  0.226000
  0.509000	  0.131000	  0.153000	  0.207000
  0.573000	  0.125000	  0.137000	  0.165000
  0.622000	  0.117000	  0.145000	  0.116000
  0.599000	  0.092000	  0.171000	  0.138000
  0.503000	  0.064000	  0.223000	  0.210000
  0.409000	  0.060000	  0.088000	  0.443000
  0.432000	  0.086000	  0.127000	  0.355000
  0.233000	  0.118000	  0.119000	  0.530000
  0.314000	  0.167000	  0.152000	  0.367000
  0.330000	  0.228000	  0.190000	  0.252000
  0.291000	  0.248000	  0.187000	  0.274000
  0.292000	  0.201000	  0.219000	  0.288000
  0.269000	  0.232000	  0.242000	  0.257000
  0.299000	  0.273000	  0.216000	  0.212000

