MEME version 4.4

ALPHABET= ACGT

strands: + -

Background letter frequencies (from uniform background):
 A 0.25000 C 0.25000 G 0.25000 T 0.25000

MOTIF 6f59_1A 6f59_1A

letter-probability matrix: alength= 4 w= 20 nsites= 20 E= 0
  0.400000	  0.146000	  0.204000	  0.250000
  0.546000	  0.082000	  0.101000	  0.271000
  0.523000	  0.062000	  0.047000	  0.368000
  0.352000	  0.033000	  0.029000	  0.586000
  0.314000	  0.020000	  0.032000	  0.634000
  0.157000	  0.038000	  0.035000	  0.770000
  0.358000	  0.395000	  0.101000	  0.146000
  0.548000	  0.132000	  0.146000	  0.174000
  0.310000	  0.558000	  0.043000	  0.089000
  0.337000	  0.544000	  0.079000	  0.040000
  0.115000	  0.812000	  0.017000	  0.056000
  0.053000	  0.797000	  0.010000	  0.140000
  0.118000	  0.055000	  0.034000	  0.793000
  0.414000	  0.076000	  0.306000	  0.204000
  0.148000	  0.136000	  0.446000	  0.269000
  0.202000	  0.166000	  0.346000	  0.286000
  0.212000	  0.207000	  0.207000	  0.374000
  0.231000	  0.234000	  0.238000	  0.297000
  0.235000	  0.257000	  0.236000	  0.272000
  0.254000	  0.242000	  0.253000	  0.251000

