MEME version 4

ALPHABET= ACGT

Background letter frequencies
A 0.25 C 0.25 G 0.25 T 0.25

MOTIF M03056_2.00 _

letter-probability matrix:
0.182578397212544 0.0879790940766551 0.708362369337979 0.0210801393728223 
0.0804940374787053 0.0830494037478705 0.0344974446337308 0.801959114139693 
0.809611829944547 0.116682070240296 0.0318853974121996 0.0418207024029575 
0.908652626236996 0.0423750317178381 0.02385181426034 0.0251205277848262 
0.940491933350965 0.0171912192541656 0.0275059508066649 0.0148108965882042 
0.0298889837745517 0.867463706233988 0.0305721605465414 0.0720751494449189 
0.938759278897137 0.0209437963944857 0.0296924708377519 0.0106044538706257 
0.556124383769435 0.0164960182025028 0.408608266970042 0.0187713310580205 
0.15997277059224 0.0762423417290674 0.0254594962559564 0.738325391422737 
0.590917380995805 0.277950027357286 0.0722232354550429 0.0589093561918658 
0.871379479626902 0.0721649484536082 0.0306823760432008 0.0257731958762887 
0.820117806977798 0.0865428183053919 0.0303579519710014 0.0629814227458088 
0.0773569701853344 0.821595487510072 0.0314262691377921 0.069621273166801 
0.919115800050239 0.0052750565184627 0.0364230092941472 0.0391861341371515 

