MEME version 4

ALPHABET= ACGT

Background letter frequencies
A 0.25 C 0.25 G 0.25 T 0.25

MOTIF M03693_2.00 _

letter-probability matrix:
0.00645727040816327 0.00175382653061224 0.000159438775510204 0.991629464285714 
0.740725302209254 0.162984576907045 0.0436491395224201 0.0526409813612815 
0.0998905837677801 0.0692540387462187 0.0302503700843149 0.800605007401686 
0.0 0.000321465884433015 0.0 0.999678534115567 
0.00773648109746371 0.000159515074174509 0.0 0.992104003828362 
0.032076533483399 0.497548034407911 0.000321569257978937 0.470053862850711 
0.206062067856569 0.0286219649461328 0.637883904164657 0.127432063032642 
0.139480665648364 0.461130315941796 0.0374628185545462 0.361926199855294 
0.225018088270761 0.0699413136104188 0.533563791301552 0.171476806817268 
0.164000321569258 0.395851756572072 0.0996864699734705 0.3404614518852 
0.179837607524721 0.420692981750945 0.117372779162312 0.282096631562023 
0.170672883672321 0.0559530508883351 0.598601173727792 0.174772891711552 
0.0483157810113353 0.54779323096712 0.025403971380336 0.378487016641209 
0.351929260450161 0.00192926045016077 0.626848874598071 0.0192926045016077 
0.968769470404984 7.78816199376947e-05 0.000856697819314642 0.0302959501557632 
0.999839241218552 0.0 0.000160758781448437 0.0 
0.339158293286734 0.0278141837774865 0.0664773554681812 0.566550167467599 
0.259903512944214 0.0387307195760005 0.116056261466331 0.585309506013454 
0.952450229709035 0.000459418070444104 0.000229709035222052 0.0468606431852986 

