MEME version 4

ALPHABET= ACGT

Background letter frequencies
A 0.25 C 0.25 G 0.25 T 0.25

MOTIF M03689_2.00 _

letter-probability matrix:
0.149995321418546 0.348554318330682 0.0389257976981379 0.462524562552634 
0.0353100589829428 0.0851267336202774 0.0278176311174876 0.851745576279292 
0.9990650710546 0.0 0.00074794315632012 0.00018698578908003 
0.000332917186849771 0.0327923429047025 0.889388264669164 0.0774864752392842 
0.000174246384387524 0.93099843178254 0.000174246384387524 0.0686530754486844 
0.177428411005053 0.464439453490548 0.294123151787385 0.0640089837170129 
0.51890323788134 0.0072992700729927 0.30001871607711 0.173778775968557 
0.73650837411262 0.0025501412916121 0.145564821834723 0.115376662761045 
0.000170343241631888 0.00127757431223916 0.910143940039179 0.08840814240695 
0.990453239410511 0.000834182964130133 0.00166836592826027 0.0070442116970989 
0.000373936617743293 0.998971674301206 0.0 0.000654389081050762 
0.645056139080043 0.0386333454062538 0.0662803332126041 0.250030182301099 
0.0268678392770695 0.862191382927223 0.0069388413748588 0.104001936420849 
0.334511397773458 0.0359309654238087 0.629439830358721 0.000117806444012487 
0.998318385650224 0.00112107623318386 0.00046711509715994 9.3423019431988e-05 
0.999719337636823 9.35541210590327e-05 0.0 0.000187108242118065 
9.35716290820623e-05 0.999906428370918 0.0 0.0 
0.000187090739008419 0.999625818521983 0.000187090739008419 0.0 
0.524099204492279 0.232194665418811 0.0235844642021526 0.220121665886757 
0.155170800187178 0.330182498830136 0.0880673841834347 0.426579316799251 

