MEME version 4

ALPHABET= ACGT

Background letter frequencies
A 0.25 C 0.25 G 0.25 T 0.25

MOTIF M03657_2.00 _

letter-probability matrix:
0.17032967032967 0.315018315018315 0.247252747252747 0.267399267399267 
0.24874686716792 0.175438596491228 0.43546365914787 0.140350877192982 
0.701799485861183 0.0147814910025707 0.259640102827764 0.0237789203084833 
0.00530035335689046 0.0273851590106007 0.00265017667844523 0.964664310954064 
0.0431654676258993 0.250599520383693 0.654676258992806 0.0515587529976019 
0.80709534368071 0.0125646711012565 0.0266075388026608 0.153732446415373 
0.00266666666666667 0.970666666666667 0.00266666666666667 0.024 
0.02493321460374 0.0 0.972395369545859 0.00267141585040071 
0.136603773584906 0.0188679245283019 0.020377358490566 0.824150943396226 
0.0646319569120287 0.653500897666068 0.23638539796529 0.0454817474566128 
0.972395369545859 0.00178094390026714 0.0240427426536064 0.00178094390026714 
0.0224578914535246 0.268247036805989 0.0280723643169058 0.681222707423581 
0.127741935483871 0.435483870967742 0.167741935483871 0.269032258064516 
0.275388838060384 0.237877401646844 0.30832570905764 0.178408051235133 

