MEME version 4

ALPHABET= ACGT

Background letter frequencies
A 0.25 C 0.25 G 0.25 T 0.25

MOTIF M03654_2.00 _

letter-probability matrix:
0.346061231510148 0.149638802889577 0.299277605779154 0.205022359821121 
0.0894039735099338 0.426550270921132 0.0656231186032511 0.418422636965683 
0.105432336869174 0.0125361620057859 0.878174220507875 0.0038572806171649 
0.0186219739292365 0.00155183116076971 0.00310366232153942 0.976722532588454 
0.0211556678244395 0.972213451215661 0.0053678560151563 0.00126302494474266 
0.987706243934002 0.00355871886120996 0.00841151730831446 0.000323519896473633 
0.00258064516129032 0.241612903225806 0.0754838709677419 0.680322580645161 
0.00707623029913155 0.491798005789643 0.492762946284979 0.00836281762624638 
0.662495989733718 0.0798845043310876 0.25729868463266 0.000320821302534488 
0.00065252854812398 0.00554649265905383 0.0 0.993800978792822 
0.0022271714922049 0.00286350620426344 0.977728285077951 0.0171810372255807 
0.974358974358974 0.00339820821748533 0.0046339202965709 0.0176088971269694 
0.00258314497901195 0.873748789150791 0.0122699386503067 0.11139812721989 
0.416239058255358 0.0642921823121038 0.432236643525506 0.0872321159070329 
0.190949605759342 0.292423723003085 0.160781624957148 0.355845046280425 

