MEME version 4

ALPHABET= ACGT

Background letter frequencies
A 0.25 C 0.25 G 0.25 T 0.25

MOTIF M03695_2.00 _

letter-probability matrix:
0.0476190476190476 0.87202380952381 0.0267857142857143 0.0535714285714286 
0.00609756097560976 0.969512195121951 0.0152439024390244 0.00914634146341463 
0.0 0.961194029850746 0.026865671641791 0.0119402985074627 
0.701244813278008 0.0871369294605809 0.116182572614108 0.0954356846473029 
0.0155038759689922 0.873385012919897 0.062015503875969 0.0490956072351421 
0.0262529832935561 0.83054892601432 0.126491646778043 0.0167064439140811 
0.123873873873874 0.727477477477477 0.123873873873874 0.0247747747747748 
0.0296127562642369 0.104783599088838 0.849658314350797 0.0159453302961276 
0.605820105820106 0.132275132275132 0.0925925925925926 0.169312169312169 
0.355932203389831 0.576271186440678 0.0367231638418079 0.0310734463276836 
0.3575 0.1225 0.365 0.155 
0.0271739130434783 0.904891304347826 0.0380434782608696 0.0298913043478261 
0.0339943342776204 0.926345609065156 0.0056657223796034 0.0339943342776204 
0.0150602409638554 0.942771084337349 0.00301204819277108 0.0391566265060241 
0.409836065573771 0.0922131147540984 0.346311475409836 0.151639344262295 
0.0255681818181818 0.894886363636364 0.00852272727272727 0.0710227272727273 
0.00887573964497041 0.970414201183432 0.00887573964497041 0.0118343195266272 
0.059190031152648 0.85981308411215 0.0560747663551402 0.0249221183800623 

