MEME version 4

ALPHABET= ACGT

Background letter frequencies
A 0.25 C 0.25 G 0.25 T 0.25

MOTIF M03697_2.00 _

letter-probability matrix:
0.611464363670874 0.136186770428016 0.107430957578058 0.144917908323052 
0.150326062514054 0.628401169327637 0.0911850685855633 0.130087699572746 
0.107673568818514 0.692935444579781 0.107064555420219 0.092326431181486 
0.114951956878369 0.665338645418327 0.0887040074994141 0.13100539020389 
0.509457211508841 0.0927238001355431 0.245764278233011 0.152054710122605 
0.11286378087552 0.689532893127904 0.0672536072389337 0.130349718757642 
0.179988694177501 0.610175240248728 0.117015262860373 0.0928208027133974 
0.132427391420197 0.67585931254996 0.113775646149747 0.0779376498800959 
0.068572430726061 0.155822518414591 0.698439144159944 0.0771659066994037 
0.489073786230228 0.133766115022401 0.16019018012252 0.216969918624851 
0.631452465634913 0.169374218975296 0.0866096318369701 0.112563683552821 
0.396989906272531 0.121214852198991 0.291456380677722 0.190338860850757 
0.114182692307692 0.689636752136752 0.0946848290598291 0.101495726495726 
0.110234308607503 0.694184776010684 0.0861964307393469 0.109384484642467 
0.103394877903514 0.68302561048243 0.0941036331149494 0.119475878499107 
0.475023503603886 0.126543403321843 0.258476966468192 0.13995612660608 
0.0910278176831657 0.742457881676897 0.0514561838840277 0.11505811675591 
0.157200694042799 0.665008675534991 0.112087912087912 0.0657027183342973 
0.127664399092971 0.639229024943311 0.132879818594104 0.100226757369615 
0.171272006529089 0.505771248688353 0.226885857525941 0.0960708872566165 

