MEME version 4

ALPHABET= ACGT

Background letter frequencies
A 0.25 C 0.25 G 0.25 T 0.25

MOTIF M03678_2.00 _

letter-probability matrix:
0.275402069567386 0.281947388106221 0.359618501433736 0.0830320408926568 
0.143914511726882 0.444973863163251 0.20044409492529 0.210667530184577 
0.43261555235388 0.0920914294614696 0.0906506755967447 0.384642342587905 
0.767899619410086 0.0674952426260704 0.132314462416746 0.032290675547098 
0.0747572815533981 0.789544436146378 0.052352501867065 0.0833457804331591 
0.771059216013344 0.029548433218158 0.0386631716906946 0.160729179077803 
0.952805755395683 0.00877697841726619 0.0376258992805755 0.00079136690647482 
0.00230861575399391 0.970819096869517 0.00203158186351464 0.0248407055129744 
0.961108230239277 0.0 0.00563004667012371 0.0332617230905993 
0.950040587410523 0.0205888864290458 0.0253117851081101 0.00405874105232086 
0.111994002998501 0.776836581709145 0.0217391304347826 0.0894302848575712 
0.555550216242191 0.00499759730898606 0.226141278231619 0.213310908217203 
0.482838589981447 0.179962894248609 0.0560193774479489 0.281179138321995 
0.247127432299786 0.169871239678965 0.216582943587967 0.366418384433281 

