MEME version 4

ALPHABET= ACGT

Background letter frequencies
A 0.25 C 0.25 G 0.25 T 0.25

MOTIF M03640_2.00 _

letter-probability matrix:
0.084426946631671 0.147200349956255 0.101487314085739 0.666885389326334 
0.0675105485232067 0.0564068398845214 0.784588052409505 0.091494559182767 
0.554080629301868 0.143313667649951 0.276057030481809 0.0265486725663717 
0.0329476861167002 0.057092555331992 0.00553319919517103 0.904426559356137 
0.00324149108589951 0.0650613567955545 0.866867330400556 0.0648298217179903 
0.995050866098433 0.00219961506736321 0.00192466318394281 0.000824855650261204 
0.00284752782811287 0.987833290188972 0.00181206316334455 0.00750711881957028 
0.00619994833376389 0.00206664944458796 0.987341772151899 0.00439163006974942 
0.00109259765091505 0.00355094236547391 0.00355094236547391 0.991805517618137 
0.0620673742501154 0.864559298569451 0.0712967235809875 0.00207660359944624 
0.902187578576817 0.0040231330148353 0.0676389238119185 0.0261503645964295 
0.0256094557990643 0.268899285890175 0.142821965033243 0.562669293277518 
0.0889774236387782 0.792828685258964 0.0564409030544489 0.0617529880478088 
0.64867770371963 0.11244893571275 0.149430230058052 0.0894431305095678 

