MEME version 4

ALPHABET= ACGT

Background letter frequencies
A 0.25 C 0.25 G 0.25 T 0.25

MOTIF M03694_2.00 _

letter-probability matrix:
0.621052631578947 0.0736842105263158 0.0157894736842105 0.289473684210526 
0.03125 0.0892857142857143 0.03125 0.848214285714286 
0.883720930232558 0.013953488372093 0.0837209302325581 0.0186046511627907 
0.0153061224489796 0.0153061224489796 0.0 0.969387755102041 
0.0294117647058824 0.931372549019608 0.00490196078431373 0.0343137254901961 
0.900473933649289 0.033175355450237 0.0473933649289099 0.018957345971564 
0.0368421052631579 0.763157894736842 0.0526315789473684 0.147368421052632 
0.722513089005236 0.235602094240838 0.0209424083769634 0.0209424083769634 
0.389473684210526 0.0315789473684211 0.0368421052631579 0.542105263157895 
0.0210526315789474 0.0315789473684211 0.168421052631579 0.778947368421053 
0.284210526315789 0.068421052631579 0.542105263157895 0.105263157894737 
0.0430622009569378 0.0478468899521531 0.0 0.909090909090909 
0.0739130434782609 0.0478260869565217 0.826086956521739 0.0521739130434783 
0.867579908675799 0.0502283105022831 0.0502283105022831 0.0319634703196347 
0.0145631067961165 0.0 0.0631067961165049 0.922330097087379 
0.794979079497908 0.0711297071129707 0.104602510460251 0.0292887029288703 
0.142105263157895 0.131578947368421 0.0368421052631579 0.689473684210526 

