MEME version 4

ALPHABET= ACGT

Background letter frequencies
A 0.25 C 0.25 G 0.25 T 0.25

MOTIF M03629_2.00 _

letter-probability matrix:
0.277276456111567 0.0533223954060705 0.0828547990155866 0.586546349466776 
0.448776065276519 0.0099728014505893 0.531278331822303 0.0099728014505893 
0.0700934579439252 0.00186915887850467 0.926168224299065 0.00186915887850467 
0.00397614314115308 0.99403578528827 0.0 0.00198807157057654 
0.00379506641366224 0.00569259962049336 0.987666034155598 0.00284629981024668 
0.00590551181102362 0.986220472440945 0.00196850393700787 0.00590551181102362 
0.00387972841901067 0.972841901066925 0.00484966052376334 0.0184287099903007 
0.961920529801324 0.0190397350993377 0.0190397350993377 0.0 
0.0143755615453729 0.0296495956873315 0.902964959568733 0.0530098831985624 
0.00837209302325581 0.00837209302325581 0.964651162790698 0.0186046511627907 
0.0235404896421846 0.953860640301318 0.00847457627118644 0.0141242937853107 
0.0195167286245353 0.0120817843866171 0.961895910780669 0.00650557620817844 
0.0175438596491228 0.908587257617729 0.0267774699907664 0.0470914127423823 
0.0121042830540037 0.560521415270019 0.00931098696461825 0.418063314711359 
0.640586797066015 0.0611246943765281 0.0407497962510187 0.257538712306438 

