MEME version 4

ALPHABET= ACGT

Background letter frequencies
A 0.25 C 0.25 G 0.25 T 0.25

MOTIF M03692_2.00 _

letter-probability matrix:
0.32 0.159452054794521 0.156712328767123 0.363835616438356 
0.234317740892434 0.234964431989653 0.137314076309549 0.393403750808364 
0.117953431372549 0.559129901960784 0.076593137254902 0.246323529411765 
0.751957148743304 0.140502678203543 0.0951792336217552 0.0123609394313968 
0.0195775373518805 0.940236991241628 0.0257599175682638 0.0144255538382277 
0.00961538461538462 0.0470647773279352 0.0197368421052632 0.923582995951417 
0.0327510917030568 0.155021834061135 0.0152838427947598 0.796943231441048 
0.04644412191582 0.0295113691340106 0.0411223996129656 0.882922109337204 
0.0 0.889809848854217 0.00585080448561677 0.104339346660166 
0.59265350877193 0.160635964912281 0.183662280701754 0.0630482456140351 
0.12516733601071 0.610776439089692 0.102074966532798 0.161981258366801 
0.0785840707964602 0.217345132743363 0.0580530973451327 0.646017699115044 
0.189144736842105 0.185855263157895 0.157894736842105 0.467105263157895 

