MEME version 4

ALPHABET= ACGT

Background letter frequencies
A 0.25 C 0.25 G 0.25 T 0.25

MOTIF M03630_2.00 _

letter-probability matrix:
0.297872340425532 0.0591016548463357 0.0638297872340425 0.57919621749409 
0.474393530997305 0.0188679245283019 0.498652291105121 0.00808625336927224 
0.063013698630137 0.00821917808219178 0.923287671232877 0.00547945205479452 
0.0 0.971988795518207 0.0168067226890756 0.0112044817927171 
0.00560224089635854 0.0112044817927171 0.966386554621849 0.0168067226890756 
0.0140845070422535 0.980281690140845 0.00563380281690141 0.0 
0.00563380281690141 0.974647887323944 0.0112676056338028 0.00845070422535211 
0.842352941176471 0.0117647058823529 0.141176470588235 0.00470588235294118 
0.0207852193995381 0.159353348729792 0.0277136258660508 0.792147806004619 
0.0112994350282486 0.0169491525423729 0.963276836158192 0.00847457627118644 
0.00285714285714286 0.0114285714285714 0.977142857142857 0.00857142857142857 
0.0110497237569061 0.966850828729282 0.00828729281767956 0.0138121546961326 
0.0115273775216138 0.00288184438040346 0.985590778097983 0.0 
0.0 0.918032786885246 0.00546448087431694 0.0765027322404372 
0.00539083557951483 0.485175202156334 0.0188679245283019 0.490566037735849 
0.577197149643705 0.0783847980997625 0.0403800475059382 0.304038004750594 

