MEME version 4

ALPHABET= ACGT

Background letter frequencies
A 0.25 C 0.25 G 0.25 T 0.25

MOTIF M03711_2.00 _

letter-probability matrix:
0.392899408284024 0.0757396449704142 0.0603550295857988 0.471005917159763 
0.0733333333333333 0.0166666666666667 0.0822222222222222 0.827777777777778 
0.00385109114249037 0.0141206675224647 0.00770218228498074 0.974326059050064 
0.00252525252525253 0.0315656565656566 0.00252525252525253 0.963383838383838 
0.00769230769230769 0.0141025641025641 0.00384615384615385 0.974358974358974 
0.0638297872340425 0.0319148936170213 0.0307328605200946 0.873522458628842 
0.312550607287449 0.153846153846154 0.0898785425101215 0.443724696356275 
0.162549800796813 0.278884462151394 0.0366533864541833 0.52191235059761 
0.185416666666667 0.2625 0.461111111111111 0.0909722222222222 
0.241469816272966 0.425196850393701 0.153543307086614 0.179790026246719 
0.44994499449945 0.0264026402640264 0.145214521452145 0.378437843784378 
0.104847801578354 0.0541149943630214 0.0248027057497181 0.816234498308906 
0.0273972602739726 0.0336239103362391 0.0049813200498132 0.933997509339975 
0.00637755102040816 0.024234693877551 0.00510204081632653 0.964285714285714 
0.0 0.0142487046632124 0.0 0.985751295336788 
0.0790754257907543 0.00121654501216545 0.00851581508515815 0.911192214111922 
0.118093174431203 0.0628385698808234 0.0780065005417118 0.741061755146262 

