MEME version 4

ALPHABET= ACGT

Background letter frequencies
A 0.25 C 0.25 G 0.25 T 0.25

MOTIF M03769_2.00 _

letter-probability matrix:
0.40449303219606 0.0706991830850553 0.198582412301778 0.326225372417107 
0.761336032388664 0.0287449392712551 0.0355769230769231 0.174342105263158 
0.738155462593638 0.00364821480688783 0.0323961474851639 0.225800175114311 
0.00214549111632585 0.975259805564868 0.017230975527992 0.00536372779081462 
0.0159103926684911 0.604849487685356 0.00407306052313371 0.375167059123019 
0.35646508097166 0.00151821862348178 0.630060728744939 0.011955971659919 
0.00763610032255941 0.0221841880060562 0.970179711671384 0.0 
0.19807791908845 0.0519076940783795 0.00195660931115843 0.748057777522012 
0.160501713024795 0.0450031937750421 0.0545845189013414 0.739910574298821 
0.296434594073717 0.221031076848952 0.0645627559624187 0.417971573114912 
0.412780552379806 0.0676334316144172 0.214513508634695 0.305072507371081 
0.733333333333333 0.0507523148148148 0.0475694444444444 0.168344907407407 
0.751122108412936 0.00552422603291518 0.046380481068017 0.196973184486132 
0.0013722799451088 0.969025681238973 0.0230020257465856 0.00660001306933281 
0.0148287778825008 0.622431668237512 0.00138234370091109 0.361357210179076 
0.366002179347478 0.00205115056727133 0.619896160502532 0.0120505095827191 
0.00456100342075257 0.0181098665235764 0.976054732041049 0.00127439801462204 
0.237217626856286 0.0307647656363373 0.00232186910462923 0.729695738402748 
0.166817998385795 0.0387913640032284 0.0291565778853914 0.765234059725585 
0.324456227028981 0.201482195577514 0.0729649936735555 0.401096583719949 

