MEME version 4

ALPHABET= ACGT

Background letter frequencies
A 0.25 C 0.25 G 0.25 T 0.25

MOTIF M03713_2.00 _

letter-probability matrix:
0.0594749794913864 0.0602953240360952 0.265791632485644 0.614438063986875 
0.101186063750927 0.776871756856931 0.0404002965159377 0.0815418828762046 
0.0244063324538259 0.00923482849604222 0.935026385224274 0.0313324538258575 
0.0191897654584222 0.0255863539445629 0.207889125799574 0.747334754797441 
0.01171875 0.00520833333333333 0.9453125 0.0377604166666667 
0.0036101083032491 0.0144404332129964 0.110709987966306 0.871239470517449 
0.979865771812081 0.010738255033557 0.00939597315436242 0.0 
0.0027027027027027 0.00675675675675676 0.990540540540541 0.0 
0.00134589502018843 0.0148048452220727 0.975773889636608 0.00807537012113055 
0.00605326876513317 0.0641646489104116 0.0617433414043584 0.868038740920097 
0.0 0.993215739484396 0.00542740841248304 0.00135685210312076 
0.0161507402422611 0.0 0.982503364737551 0.00134589502018843 
0.0292682926829268 0.0048780487804878 0.889024390243902 0.0768292682926829 
0.0399032648125756 0.00483675937122128 0.151148730350665 0.804111245465538 
0.0531914893617021 0.0 0.832151300236407 0.114657210401891 
0.0712616822429906 0.0151869158878505 0.850467289719626 0.0630841121495327 
0.0423452768729642 0.166123778501629 0.368078175895765 0.423452768729642 

