MEME version 4

ALPHABET= ACGT

Background letter frequencies
A 0.25 C 0.25 G 0.25 T 0.25

MOTIF M03864_2.00 _

letter-probability matrix:
0.158 0.1945 0.1185 0.529 
0.159582132564841 0.0788904899135447 0.0410662824207493 0.720461095100865 
0.588928150765607 0.0153121319199058 0.12396937573616 0.271790341578327 
0.991571641051066 0.00247892910262766 0.00396628656420426 0.00198314328210213 
0.0156324017053529 0.01468498342018 0.0222643297015632 0.947418285172904 
0.0963651732882502 0.0143702451394759 0.043956043956044 0.84530853761623 
0.307741935483871 0.0141935483870968 0.645161290322581 0.0329032258064516 
0.23711855927964 0.0975487743871936 0.414207103551776 0.251125562781391 
0.2005 0.0965 0.1135 0.5895 
0.170367534456355 0.0195252679938744 0.0444104134762634 0.765696784073507 
0.251681836169371 0.00949742777997626 0.199050257222002 0.539770478828651 
0.990589400693413 0.00148588410104012 0.00544824170381377 0.00247647350173353 
0.0363297624592455 0.00419189566837448 0.0279459711224965 0.931532370749884 
0.0780547609317532 0.0563955864323662 0.0482223130363711 0.81732733959951 
0.414975845410628 0.00434782608695652 0.550724637681159 0.029951690821256 
0.44672336168084 0.111055527763882 0.363181590795398 0.0790395197598799 

