MEME version 4

ALPHABET= ACGT

Background letter frequencies
A 0.25 C 0.25 G 0.25 T 0.25

MOTIF M03819_2.00 _

letter-probability matrix:
0.0727222579755447 0.0136986301369863 0.0023903649903466 0.911188746897122 
0.929737335834897 0.00337711069418386 0.0331144465290807 0.0337711069418387 
0.996280659429031 0.000804181745074387 0.00211097708082027 0.000804181745074387 
0.0118061674008811 0.0026431718061674 0.112334801762115 0.873215859030837 
0.116532315089803 0.700820251732428 0.110309715740348 0.0723377174374204 
0.0597509425339883 0.566148749000343 0.145607220381583 0.228493088084085 
0.125428859737639 0.230676084762866 0.423410696266398 0.220484359233098 
0.323042776432607 0.161218724778047 0.088680387409201 0.427058111380145 
0.0458900172446829 0.00459858210385131 0.0 0.949511400651466 
0.827295492487479 0.00926544240400668 0.0350584307178631 0.128380634390651 
0.998388234108996 0.0 0.00161176589100433 0.0 
0.0275245289571937 0.00642528436224711 0.105496222974733 0.860553963705826 
0.115491322020776 0.639460610361959 0.108265049358023 0.136783018259243 
0.0694488690665817 0.526229160029733 0.150791122438144 0.253530848465541 
0.183212267958031 0.287530266343826 0.293583535108959 0.235673930589185 

