MEME version 4

ALPHABET= ACGT

Background letter frequencies
A 0.25 C 0.25 G 0.25 T 0.25

MOTIF M03922_2.00 _

letter-probability matrix:
0.0773480662983425 0.171270718232044 0.116022099447514 0.635359116022099 
0.869565217391304 0.0531400966183575 0.0483091787439614 0.0289855072463768 
0.0909090909090909 0.0649350649350649 0.0649350649350649 0.779220779220779 
0.0643939393939394 0.681818181818182 0.0416666666666667 0.212121212121212 
0.743801652892562 0.0950413223140496 0.0495867768595041 0.111570247933884 
0.025 0.75 0.0 0.225 
0.530386740331492 0.276243093922652 0.143646408839779 0.0497237569060773 
0.394444444444444 0.127777777777778 0.0888888888888889 0.388888888888889 
0.0718232044198895 0.0939226519337017 0.265193370165746 0.569060773480663 
0.208661417322835 0.0078740157480315 0.708661417322835 0.0748031496062992 
0.0921052631578947 0.0789473684210526 0.0394736842105263 0.789473684210526 
0.237410071942446 0.0323741007194245 0.647482014388489 0.0827338129496403 
0.731707317073171 0.0691056910569106 0.117886178861789 0.0813008130081301 
0.0 0.0603015075376884 0.0351758793969849 0.904522613065327 
0.723756906077348 0.00552486187845304 0.198895027624309 0.0718232044198895 

