MEME version 4

ALPHABET= ACGT

Background letter frequencies
A 0.25 C 0.25 G 0.25 T 0.25

MOTIF M03998_2.00 _

letter-probability matrix:
0.0126436781609195 0.0344827586206897 0.0298850574712644 0.922988505747126 
0.0811287477954145 0.167548500881834 0.104056437389771 0.647266313932981 
0.893914473684211 0.00986842105263158 0.0962171052631579 0.0 
0.00703605980650836 0.986807387862797 0.0 0.00615655233069481 
0.00730816077953715 0.0048721071863581 0.984165651644336 0.00365408038976857 
0.00220507166482911 0.00551267916207277 0.00110253583241455 0.991179713340684 
0.0113753877973113 0.200620475698035 0.783867631851086 0.00413650465356774 
0.0416156670746634 0.00611995104039168 0.385556915544676 0.566707466340269 
0.687751004016064 0.0763052208835341 0.105421686746988 0.130522088353414 
0.627470355731225 0.191699604743083 0.0128458498023715 0.16798418972332 
0.352806414662085 0.0389461626575029 0.0103092783505155 0.597938144329897 
0.00775193798449612 0.322674418604651 0.167635658914729 0.501937984496124 
0.984200743494424 0.00836431226765799 0.00650557620817844 0.000929368029739777 
0.00667779632721202 0.984140233722871 0.000834724540901503 0.00834724540901502 
0.0133657351154313 0.00850546780072904 0.964763061968408 0.0133657351154313 
0.0277777777777778 0.0128205128205128 0.00320512820512821 0.956196581196581 
0.356052899287894 0.0223804679552391 0.603255340793489 0.0183112919633774 
0.408515535097814 0.00345224395857307 0.0621403912543153 0.525891829689298 

