MEME version 4

ALPHABET= ACGT

Background letter frequencies
A 0.25 C 0.25 G 0.25 T 0.25

MOTIF M03901_2.00 _

letter-probability matrix:
0.29287598944591 0.350923482849604 0.242744063324538 0.113456464379947 
0.735099337748344 0.0993377483443709 0.139072847682119 0.0264900662251656 
0.0 0.166666666666667 0.0289855072463768 0.804347826086957 
0.128048780487805 0.140243902439024 0.0548780487804878 0.676829268292683 
0.69811320754717 0.106918238993711 0.0691823899371069 0.125786163522013 
0.196428571428571 0.375 0.160714285714286 0.267857142857143 
0.125 0.160714285714286 0.214285714285714 0.5 
0.230769230769231 0.442307692307692 0.0576923076923077 0.269230769230769 
0.770833333333333 0.131944444444444 0.0555555555555556 0.0416666666666667 
0.117948717948718 0.569230769230769 0.00512820512820513 0.307692307692308 
0.187919463087248 0.0268456375838926 0.74496644295302 0.0402684563758389 
0.0549450549450549 0.60989010989011 0.291208791208791 0.043956043956044 
0.375 0.116071428571429 0.116071428571429 0.392857142857143 
0.0630630630630631 0.333333333333333 0.027027027027027 0.576576576576577 
0.036036036036036 0.261261261261261 0.567567567567568 0.135135135135135 
0.701754385964912 0.0 0.280701754385965 0.0175438596491228 
0.324324324324324 0.288288288288288 0.18018018018018 0.207207207207207 

