MEME version 4

ALPHABET= ACGT

Background letter frequencies
A 0.25 C 0.25 G 0.25 T 0.25

MOTIF M03915_2.00 _

letter-probability matrix:
0.293414242370159 0.182223808673925 0.28299125468499 0.241370694270926 
0.0555032925682032 0.908781263178383 0.0170954033801538 0.0186200408732605 
0.00104463437796771 0.886831275720165 0.000379867046533713 0.111744222855334 
0.515351078898475 0.0653041702691268 0.11132981365317 0.308014937179228 
0.209201893530438 0.00938460260775683 0.00586883702903967 0.775544666832766 
0.774429854872149 0.015535590877678 0.0794747753973739 0.130559778852799 
0.132516887253556 0.0828161897962546 0.0154044703168763 0.769262452633313 
0.774044704777167 0.00549830077639323 0.0100571933799353 0.210399801066505 
0.302815979043877 0.108017588174759 0.0649826924876041 0.52418374029376 
0.108124424109554 0.000285959393766085 0.890128046261875 0.00146157023480444 
0.0169905282687238 0.0173485662207467 0.911857565992904 0.0538033395176252 
0.234489897908189 0.279288926965089 0.179588777040051 0.306632398086671 

