MEME version 4

ALPHABET= ACGT

Background letter frequencies
A 0.25 C 0.25 G 0.25 T 0.25

MOTIF M03914_2.00 _

letter-probability matrix:
0.106145251396648 0.0815642458100559 0.237988826815642 0.574301675977654 
0.766258246936852 0.0377002827521206 0.173421300659755 0.0226201696512724 
0.0196078431372549 0.0666666666666667 0.00392156862745098 0.909803921568627 
0.00741656365883807 0.310259579728059 0.00123609394313968 0.681087762669963 
0.947655398037077 0.00218102508178844 0.0152671755725191 0.0348964013086151 
0.0163265306122449 0.787755102040816 0.00952380952380952 0.186394557823129 
0.0298953662182362 0.902840059790732 0.0568011958146487 0.0104633781763827 
0.092436974789916 0.065359477124183 0.0196078431372549 0.822595704948646 
0.0051975051975052 0.00207900207900208 0.00623700623700624 0.986486486486487 
0.905362776025237 0.0 0.0557308096740273 0.0389064143007361 
0.203315881326353 0.0130890052356021 0.0104712041884817 0.773123909249564 
0.0807511737089202 0.00938967136150235 0.0460093896713615 0.863849765258216 
0.838323353293413 0.0249500998003992 0.0449101796407186 0.0918163672654691 
0.201563857515204 0.0816681146828844 0.0295395308427454 0.687228496959166 
0.124125874125874 0.423076923076923 0.31993006993007 0.132867132867133 

