MEME version 4

ALPHABET= ACGT

Background letter frequencies
A 0.25 C 0.25 G 0.25 T 0.25

MOTIF M03997_2.00 _

letter-probability matrix:
0.140062597809077 0.116588419405321 0.0453834115805947 0.697965571205008 
0.063953488372093 0.140891472868217 0.366279069767442 0.428875968992248 
0.982217177449868 0.00416193719258418 0.0069996216420734 0.00662126371547484 
0.00056732223903177 0.978819969742814 0.00208018154311649 0.0185325264750378 
0.0028670899037477 0.00143354495187385 0.993241859512595 0.00245750563178374 
0.00240192153722978 0.0104083266613291 0.00260208166533227 0.984587670136109 
0.00347577182580249 0.000817828664894705 0.987323655694132 0.00838274381517072 
0.00127064803049555 0.0103769589157137 0.559296908089792 0.429055484963998 
0.491570373176738 0.104754688387952 0.0964197764728168 0.307255161962493 
0.456140350877193 0.420236638106895 0.00917992656058752 0.114443084455324 
0.0062374245472837 0.82897384305835 0.00261569416498994 0.162173038229376 
0.956719817767654 0.00284738041002278 0.0176537585421412 0.0227790432801822 
0.00276752767527675 0.995940959409594 0.000922509225092251 0.0003690036900369 
0.0245628642797669 0.000624479600333056 0.971065778517902 0.00374687760199833 
0.0124900872323553 0.00555114988104679 0.00515463917525773 0.97680412371134 
0.43248787765759 0.378963073480045 0.136889220440134 0.0516598284222305 
0.753866976024749 0.04292343387471 0.0686388244392885 0.134570765661253 

