MEME version 4

ALPHABET= ACGT

Background letter frequencies
A 0.25 C 0.25 G 0.25 T 0.25

MOTIF M05885_2.00 _

letter-probability matrix:
0.318 0.131 0.354 0.197 
0.56 0.114 0.286 0.04 
0.015 0.013 0.938 0.033 
0.015 0.008 0.846 0.13 
0.042 0.099 0.082 0.777 
0.028 0.824 0.087 0.061 
0.863 0.018 0.098 0.021 
0.446 0.216 0.145 0.193 
0.435 0.116 0.242 0.208 
0.577 0.124 0.252 0.047 
0.073 0.025 0.869 0.034 
0.013 0.017 0.68 0.29 
0.051 0.05 0.28 0.62 
0.039 0.593 0.14 0.228 
0.66 0.075 0.153 0.112 

