MEME version 4

ALPHABET= ACGT

Background letter frequencies
A 0.25 C 0.25 G 0.25 T 0.25

MOTIF M06080_2.00 _

letter-probability matrix:
0.20642201834862 0.38761467889908 0.1697247706422 0.23623853211009 
0.34467120181406 0.2312925170068 0.21995464852608 0.20408163265306 
0.095768374164811 0.28953229398664 0.25612472160356 0.35857461024499 
0.12917594654788 0.12249443207127 0.15367483296214 0.59465478841871 
0.1826280623608 0.11804008908686 0.097995545657016 0.60133630289532 
0.21603563474388 0.15590200445434 0.49665924276169 0.13140311804009 
0.10022271714922 0.075723830734967 0.064587973273942 0.75946547884187 
0.69265033407572 0.028953229398664 0.16926503340757 0.10913140311804 
0.1358574610245 0.10913140311804 0.30957683741648 0.44543429844098 
0.020044543429844 0.0089086859688196 0.92650334075724 0.044543429844098 
0.013363028953229 0.011135857461024 0.95768374164811 0.017817371937639 
0.033407572383073 0.76391982182628 0.033407572383073 0.16926503340757 
0.013363028953229 0.020044543429844 0.026726057906459 0.93986636971047 
0.019277108433735 0.0 0.012048192771084 0.96867469879518 
0.028490028490028 0.88888888888889 0.022792022792023 0.05982905982906 

