MEME version 4

ALPHABET= ACGT

Background letter frequencies
A 0.25 C 0.25 G 0.25 T 0.25

MOTIF M06153_2.00 _

letter-probability matrix:
0.12964563526361 0.24114088159032 0.34917891097666 0.2800345721694 
0.21942697414396 0.03214535290007 0.067784765897973 0.680642907058 
0.28232005590496 0.079664570230608 0.067784765897973 0.57023060796646 
0.046820405310971 0.94619147449336 0.0 0.0069881201956674 
0.0083857442348008 0.92872117400419 0.0 0.062893081761006 
0.0 1.0 0.0 0.0 
0.0013976240391335 0.99720475192173 0.0 0.0013976240391335 
0.10342417889588 0.0090845562543676 0.11460517120894 0.77288609364081 
0.13347309573725 0.39972047519217 0.20125786163522 0.26554856743536 
0.15094339622642 0.41439552760307 0.16491963661775 0.26974143955276 
0.19636617749825 0.24318658280922 0.24248777078966 0.31795946890287 
0.15513626834382 0.16771488469602 0.3298392732355 0.34730957372467 
0.13137665967855 0.20405310971349 0.35779175401817 0.3067784765898 
0.12229210342418 0.29979035639413 0.22921034241789 0.3487071977638 
0.22292103424179 0.23759608665269 0.21383647798742 0.3256464011181 
0.16352201257862 0.27882599580713 0.27742837176799 0.28022361984626 
0.19357092941999 0.27113906359189 0.22711390635919 0.30817610062893 
0.23689727463312 0.23200559049616 0.27672955974843 0.25436757512229 
0.22990915443746 0.22641509433962 0.24947589098532 0.2941998602376 
0.16002795248078 0.24598183088749 0.35429769392034 0.23969252271139 
0.14814814814815 0.22361984626136 0.35150244584207 0.27672955974843 
0.16422082459818 0.23829489867226 0.34311670160727 0.25436757512229 
0.18518518518519 0.22921034241789 0.3277428371768 0.25786163522013 
0.1607898448519 0.23060648801128 0.38011283497884 0.22849083215797 
0.15560314061385 0.2469664525339 0.31263383297645 0.2847965738758 

