MEME version 4

ALPHABET= ACGT

Background letter frequencies
A 0.25 C 0.25 G 0.25 T 0.25

MOTIF M06131_2.00 _

letter-probability matrix:
0.44569288389513 0.12359550561798 0.13857677902622 0.29213483146067 
0.30337078651685 0.074906367041199 0.0 0.62172284644195 
0.0 0.0 0.97752808988764 0.02247191011236 
0.0 0.0187265917603 0.01498127340824 0.96629213483146 
0.01123595505618 0.97378277153558 0.0 0.01498127340824 
1.0 0.0 0.0 0.0 
0.99250936329588 0.0 0.0 0.0074906367041199 
0.037453183520599 0.35580524344569 0.46816479400749 0.13857677902622 
0.27340823970037 0.39325842696629 0.074906367041199 0.25842696629213 
0.23220973782772 0.36704119850187 0.29588014981273 0.10486891385768 
0.23595505617978 0.36704119850187 0.16104868913858 0.23595505617978 
0.33333333333333 0.25842696629213 0.14606741573034 0.26217228464419 
0.52808988764045 0.20973782771536 0.15355805243446 0.10861423220974 
0.46067415730337 0.20973782771536 0.19475655430712 0.13483146067416 
0.33333333333333 0.34082397003745 0.13857677902622 0.187265917603 
0.33707865168539 0.29962546816479 0.1685393258427 0.19475655430712 
0.30711610486891 0.22846441947566 0.2434456928839 0.22097378277154 
0.25842696629213 0.25093632958801 0.25468164794007 0.23595505617978 
0.38951310861423 0.25468164794007 0.16104868913858 0.19475655430712 
0.31086142322097 0.31835205992509 0.20973782771536 0.16104868913858 
0.28464419475655 0.33707865168539 0.1685393258427 0.20973782771536 
0.28838951310861 0.24719101123596 0.24719101123596 0.21722846441948 
0.34082397003745 0.34082397003745 0.20224719101124 0.11610486891386 
0.36641221374046 0.34732824427481 0.20610687022901 0.080152671755725 
0.37109375 0.22265625 0.21484375 0.19140625 

