MEME version 4

ALPHABET= ACGT

Background letter frequencies
A 0.25 C 0.25 G 0.25 T 0.25

MOTIF M06181_2.00 _

letter-probability matrix:
0.1843137254902 0.26666666666667 0.34117647058824 0.2078431372549 
0.19582245430809 0.17493472584856 0.3733681462141 0.25587467362924 
0.22033898305085 0.24576271186441 0.20127118644068 0.33262711864407 
0.13771186440678 0.21186440677966 0.29449152542373 0.35593220338983 
0.11440677966102 0.22245762711864 0.25423728813559 0.40889830508475 
0.15254237288136 0.20550847457627 0.27330508474576 0.36864406779661 
0.16949152542373 0.15677966101695 0.33050847457627 0.34322033898305 
0.15677966101695 0.24364406779661 0.31567796610169 0.28389830508475 
0.1864406779661 0.20127118644068 0.31991525423729 0.29237288135593 
0.18220338983051 0.22457627118644 0.27754237288136 0.31567796610169 
0.16313559322034 0.24576271186441 0.34322033898305 0.2478813559322 
0.14194915254237 0.19279661016949 0.30296610169492 0.36228813559322 
0.14406779661017 0.082627118644068 0.28389830508475 0.48940677966102 
0.0 0.0 0.046610169491525 0.95338983050847 
0.0063559322033898 0.0 0.0 0.99364406779661 
0.0 0.0 0.0 1.0 
0.0 0.0 0.0 1.0 
0.033898305084746 0.0 0.010593220338983 0.95550847457627 
0.0063559322033898 0.0084745762711864 0.0042372881355932 0.98093220338983 
0.22457627118644 0.17161016949153 0.49152542372881 0.11228813559322 
0.1271186440678 0.33262711864407 0.14618644067797 0.39406779661017 
0.21398305084746 0.19491525423729 0.34322033898305 0.2478813559322 
0.19067796610169 0.22033898305085 0.27118644067797 0.31779661016949 
0.21822033898305 0.19067796610169 0.3114406779661 0.27966101694915 
0.094713656387665 0.25991189427313 0.36123348017621 0.284140969163 

