MEME version 4

ALPHABET= ACGT

Background letter frequencies
A 0.25 C 0.25 G 0.25 T 0.25

MOTIF M06180_2.00 _

letter-probability matrix:
0.0 0.0 0.95652173913043 0.043478260869565 
0.08695652173913 0.34782608695652 0.17391304347826 0.39130434782609 
0.17391304347826 0.21739130434783 0.39130434782609 0.21739130434783 
0.26086956521739 0.39130434782609 0.0 0.34782608695652 
0.043478260869565 0.1304347826087 0.1304347826087 0.69565217391304 
0.08695652173913 0.26086956521739 0.17391304347826 0.47826086956522 
0.26086956521739 0.08695652173913 0.30434782608696 0.34782608695652 
0.043478260869565 0.21739130434783 0.60869565217391 0.1304347826087 
0.30434782608696 0.30434782608696 0.1304347826087 0.26086956521739 
0.17391304347826 0.1304347826087 0.34782608695652 0.34782608695652 
0.08695652173913 0.30434782608696 0.17391304347826 0.43478260869565 
0.17391304347826 0.17391304347826 0.52173913043478 0.1304347826087 
0.0 0.08695652173913 0.17391304347826 0.73913043478261 
0.0 0.0 0.0 1.0 
0.0 0.0 0.0 1.0 
0.0 0.0 0.0 1.0 
0.0 0.0 0.0 1.0 
0.043478260869565 0.0 0.043478260869565 0.91304347826087 
0.043478260869565 0.1304347826087 0.08695652173913 0.73913043478261 
0.1304347826087 0.043478260869565 0.26086956521739 0.56521739130435 
0.043478260869565 0.30434782608696 0.52173913043478 0.1304347826087 
0.26086956521739 0.043478260869565 0.34782608695652 0.34782608695652 
0.21739130434783 0.30434782608696 0.08695652173913 0.39130434782609 
0.17391304347826 0.52173913043478 0.043478260869565 0.26086956521739 
0.08695652173913 0.17391304347826 0.47826086956522 0.26086956521739 

