MEME version 4

ALPHABET= ACGT

Background letter frequencies
A 0.25 C 0.25 G 0.25 T 0.25

MOTIF M06129_2.00 _

letter-probability matrix:
0.051194539249147 0.28327645051195 0.27645051194539 0.38907849829352 
0.12424242424242 0.21515151515152 0.44848484848485 0.21212121212121 
0.3033033033033 0.006006006006006 0.62162162162162 0.069069069069069 
0.10810810810811 0.10510510510511 0.0 0.78678678678679 
0.0 0.003003003003003 0.0 0.996996996997 
0.027027027027027 0.012012012012012 0.93393393393393 0.027027027027027 
0.072072072072072 0.75975975975976 0.045045045045045 0.12312312312312 
0.033033033033033 0.072072072072072 0.13213213213213 0.76276276276276 
0.009009009009009 0.97597597597598 0.009009009009009 0.006006006006006 
0.38138138138138 0.009009009009009 0.009009009009009 0.6006006006006 
0.012012012012012 0.16816816816817 0.003003003003003 0.81681681681682 
0.033033033033033 0.015015015015015 0.003003003003003 0.94894894894895 
0.021021021021021 0.048048048048048 0.009009009009009 0.92192192192192 
0.10862619808307 0.14696485623003 0.30990415335463 0.43450479233227 
0.25830258302583 0.12915129151292 0.40221402214022 0.21033210332103 

