MEME version 4

ALPHABET= ACGT

Background letter frequencies
A 0.25 C 0.25 G 0.25 T 0.25

MOTIF M06115_2.00 _

letter-probability matrix:
0.28884026258206 0.33260393873085 0.17943107221007 0.19912472647702 
0.31643002028398 0.34077079107505 0.18255578093306 0.16024340770791 
0.26838966202783 0.37375745526839 0.16898608349901 0.18886679920477 
0.26640159045726 0.40556660039761 0.1272365805169 0.20079522862823 
0.30815109343936 0.59244532803181 0.047713717693837 0.05168986083499 
0.017892644135189 0.97614314115308 0.0 0.0059642147117296 
0.75149105367793 0.011928429423459 0.095427435387674 0.14115308151093 
0.0059642147117296 0.97614314115308 0.0 0.017892644135189 
0.0059642147117296 0.96421471172962 0.0099403578528827 0.019880715705765 
0.0099403578528827 0.93836978131213 0.0 0.05168986083499 
0.62624254473161 0.33399602385686 0.011928429423459 0.027833001988072 
0.0039761431411531 0.98011928429423 0.0019880715705765 0.013916500994036 
0.4493041749503 0.019880715705765 0.4572564612326 0.073558648111332 
0.11946902654867 0.79646017699115 0.011061946902655 0.073008849557522 
0.36879432624113 0.32624113475177 0.12765957446809 0.17730496453901 

