MEME version 4

ALPHABET= ACGT

Background letter frequencies
A 0.25 C 0.25 G 0.25 T 0.25

MOTIF M06155_2.00 _

letter-probability matrix:
0.4136690647482 0.18705035971223 0.18345323741007 0.2158273381295 
0.13924050632911 0.30379746835443 0.19620253164557 0.36075949367089 
0.086734693877551 0.25255102040816 0.42857142857143 0.23214285714286 
0.11734693877551 0.18367346938776 0.42091836734694 0.2780612244898 
0.36479591836735 0.13520408163265 0.39285714285714 0.10714285714286 
0.14540816326531 0.21683673469388 0.34438775510204 0.29336734693878 
0.10969387755102 0.16326530612245 0.33418367346939 0.39285714285714 
0.14030612244898 0.2780612244898 0.3265306122449 0.25510204081633 
0.29081632653061 0.27295918367347 0.25 0.18622448979592 
0.33928571428571 0.16071428571429 0.30102040816327 0.19897959183673 
0.14795918367347 0.084183673469388 0.47959183673469 0.28826530612245 
0.079081632653061 0.19897959183673 0.5 0.2219387755102 
0.053571428571429 0.19132653061224 0.10714285714286 0.64795918367347 
0.33673469387755 0.048469387755102 0.47959183673469 0.13520408163265 
0.094387755102041 0.0076530612244898 0.86479591836735 0.033163265306122 
0.040816326530612 0.0025510204081633 0.010204081632653 0.94642857142857 
0.079081632653061 0.0051020408163265 0.022959183673469 0.89285714285714 
0.073979591836735 0.0 0.92091836734694 0.0051020408163265 
0.035714285714286 0.012755102040816 0.94132653061224 0.010204081632653 
0.053571428571429 0.86734693877551 0.0 0.079081632653061 
0.96683673469388 0.017857142857143 0.0025510204081633 0.012755102040816 
0.96428571428571 0.012755102040816 0.017857142857143 0.0051020408163265 
0.0051020408163265 0.81632653061224 0.0025510204081633 0.17602040816327 
0.37755102040816 0.061224489795918 0.33673469387755 0.22448979591837 
0.15615615615616 0.55855855855856 0.10810810810811 0.17717717717718 

