MEME version 4

ALPHABET= ACGT

Background letter frequencies
A 0.25 C 0.25 G 0.25 T 0.25

MOTIF M06588_2.00 _

letter-probability matrix:
0.18258 0.422111 0.135678 0.259631 
0.179229 0.586265 0.070352 0.164154 
0.221106 0.082077 0.314908 0.38191 
0.046901 0.673367 0.169179 0.110553 
0.108878 0.865997 0.01005 0.015075 
0.025126 0.0 0.963149 0.011725 
0.001675 0.998325 0.0 0.0 
0.001675 0.998325 0.0 0.0 
0.001675 0.0 0.998325 0.0 
0.005025 0.907873 0.0 0.087102 
0.145729 0.827471 0.01005 0.01675 
0.532663 0.0067 0.346734 0.113903 
0.207705 0.308208 0.025126 0.458961 
0.246231 0.284757 0.023451 0.445561 
0.284757 0.087102 0.21943 0.40871 
0.140704 0.41876 0.120603 0.319933 
0.21943 0.41876 0.139028 0.222781 
0.261307 0.150754 0.321608 0.266332 
0.159129 0.462312 0.144054 0.234506 
0.190955 0.479062 0.107203 0.222781 
0.21273 0.19933 0.375209 0.21273 

