MEME version 4

ALPHABET= ACGT

Background letter frequencies
A 0.25 C 0.25 G 0.25 T 0.25

MOTIF M06566_2.00 _

letter-probability matrix:
0.22 0.37 0.131667 0.278333 
0.245 0.213333 0.293333 0.248333 
0.218333 0.343333 0.17 0.268333 
0.176667 0.426667 0.158333 0.238333 
0.3 0.163333 0.328333 0.208333 
0.18 0.381667 0.161667 0.276667 
0.233333 0.391667 0.125 0.25 
0.296667 0.131667 0.313333 0.258333 
0.231667 0.34 0.126667 0.301667 
0.185 0.43 0.093333 0.291667 
0.176667 0.138333 0.315 0.37 
0.13 0.39 0.045 0.435 
0.031667 0.526667 0.03 0.411667 
0.426667 0.001667 0.565 0.006667 
0.0 0.991667 0.0 0.008333 
0.0 1.0 0.0 0.0 
0.0 0.0 1.0 0.0 
0.77 0.078333 0.001667 0.15 
0.0 1.0 0.0 0.0 
0.756667 0.003333 0.206667 0.033333 
0.318333 0.305 0.156667 0.22 

