MEME version 4

ALPHABET= ACGT

Background letter frequencies
A 0.25 C 0.25 G 0.25 T 0.25

MOTIF M06649_2.00 _

letter-probability matrix:
0.062395 0.610455 0.094435 0.232715 
0.016863 0.947723 0.0 0.035413 
0.833052 0.0 0.15683 0.010118 
0.0 1.0 0.0 0.0 
0.0 1.0 0.0 0.0 
0.0 0.0 1.0 0.0 
0.652614 0.173693 0.008432 0.165261 
0.0 1.0 0.0 0.0 
0.720067 0.011804 0.205734 0.062395 
0.372681 0.332209 0.126476 0.168634 
0.374368 0.291737 0.057336 0.27656 
0.342327 0.102867 0.247892 0.306914 
0.231029 0.365936 0.139966 0.263069 
0.190556 0.480607 0.064081 0.264755 
0.322091 0.160202 0.29511 0.222597 
0.242833 0.350759 0.160202 0.246206 
0.180438 0.467116 0.131535 0.220911 
0.305228 0.190556 0.286678 0.217538 
0.25801 0.325464 0.168634 0.247892 
0.251265 0.391231 0.13828 0.219224 

