MEME version 4

ALPHABET= ACGT

Background letter frequencies
A 0.25 C 0.25 G 0.25 T 0.25

MOTIF M06687_2.00 _

letter-probability matrix:
0.205217 0.38087 0.154783 0.25913 
0.18087 0.412174 0.161739 0.245217 
0.288696 0.22087 0.233043 0.257391 
0.194783 0.384348 0.144348 0.276522 
0.238261 0.356522 0.121739 0.283478 
0.316522 0.166957 0.241739 0.274783 
0.201739 0.387826 0.144348 0.266087 
0.22087 0.452174 0.095652 0.231304 
0.222609 0.109565 0.32 0.347826 
0.026087 0.645217 0.234783 0.093913 
0.022609 0.975652 0.0 0.001739 
0.554783 0.0 0.445217 0.0 
0.001739 0.998261 0.0 0.0 
0.0 1.0 0.0 0.0 
0.001739 0.003478 0.994783 0.0 
0.605217 0.34087 0.0 0.053913 
0.0 1.0 0.0 0.0 
0.521739 0.323478 0.038261 0.116522 
0.46087 0.147826 0.015652 0.375652 

