MEME version 4

ALPHABET= ACGT

Background letter frequencies
A 0.25 C 0.25 G 0.25 T 0.25

MOTIF M06659_2.00 _

letter-probability matrix:
0.218456 0.045198 0.489642 0.246704 
0.062147 0.72693 0.026365 0.184557 
0.585687 0.111111 0.146893 0.156309 
0.045198 0.890772 0.020716 0.043315 
0.19774 0.032015 0.700565 0.06968 
0.348399 0.182674 0.288136 0.180791 
0.457627 0.077213 0.045198 0.419962 
0.190207 0.086629 0.030132 0.693032 
0.224105 0.448211 0.013183 0.314501 
0.05838 0.52354 0.0 0.418079 
0.009416 0.973635 0.013183 0.003766 
0.20339 0.062147 0.672316 0.062147 
0.945386 0.00565 0.045198 0.003766 
0.060264 0.024482 0.661017 0.254237 
0.299435 0.030132 0.649718 0.020716 

