MEME version 4

ALPHABET= ACGT

Background letter frequencies
A 0.25 C 0.25 G 0.25 T 0.25

MOTIF M06601_2.00 _

letter-probability matrix:
0.286506 0.110906 0.236599 0.365989 
0.075786 0.648799 0.083179 0.192237 
0.0 0.994455 0.0 0.005545 
0.972274 0.0 0.020333 0.007394 
0.0 1.0 0.0 0.0 
0.0 1.0 0.0 0.0 
0.001848 0.0 0.998152 0.0 
0.539741 0.245841 0.009242 0.205176 
0.0 1.0 0.0 0.0 
0.720887 0.018484 0.151571 0.109057 
0.260628 0.430684 0.072089 0.236599 
0.268022 0.373383 0.097967 0.260628 
0.340111 0.10536 0.28281 0.271719 
0.232902 0.358595 0.157116 0.251386 
0.190388 0.499076 0.085028 0.225508 
0.32902 0.170055 0.264325 0.236599 
0.236599 0.386322 0.146026 0.231054 
0.177449 0.471349 0.142329 0.208872 
0.288355 0.216266 0.238447 0.256932 
0.236599 0.35305 0.158965 0.251386 
0.227357 0.438078 0.147874 0.186691 

