MEME version 4

ALPHABET= ACGT

Background letter frequencies
A 0.25 C 0.25 G 0.25 T 0.25

MOTIF M06712_2.00 _

letter-probability matrix:
0.273333 0.043333 0.04 0.643333 
0.156667 0.018333 0.03 0.795 
0.071667 0.041667 0.025 0.861667 
0.041667 0.018333 0.04 0.9 
0.111667 0.258333 0.44 0.19 
0.04 0.938333 0.0 0.021667 
0.115 0.04 0.01 0.835 
0.093333 0.14 0.036667 0.73 
0.473333 0.145 0.133333 0.248333 
0.246667 0.12 0.265 0.368333 
0.306667 0.136667 0.195 0.361667 
0.293333 0.043333 0.036667 0.626667 
0.196667 0.015 0.0 0.788333 
0.108333 0.04 0.001667 0.85 
0.026667 0.055 0.031667 0.886667 
0.125 0.213333 0.46 0.201667 
0.048333 0.896667 0.02 0.035 
0.101667 0.095 0.03 0.773333 
0.108333 0.138333 0.051667 0.701667 

