MEME version 4

ALPHABET= ACGT

Background letter frequencies
A 0.25 C 0.25 G 0.25 T 0.25

MOTIF M06726_2.00 _

letter-probability matrix:
0.206723 0.193277 0.435294 0.164706 
0.268908 0.139496 0.169748 0.421849 
0.152941 0.245378 0.431933 0.169748 
0.433613 0.146218 0.159664 0.260504 
0.319328 0.163025 0.203361 0.314286 
0.285714 0.157983 0.236975 0.319328 
0.230252 0.27395 0.305882 0.189916 
0.277311 0.302521 0.280672 0.139496 
0.0 1.0 0.0 0.0 
1.0 0.0 0.0 0.0 
0.0 0.919328 0.0 0.080672 
0.023529 0.0 0.976471 0.0 
0.0 0.0 0.0 1.0 
0.0 0.0 1.0 0.0 
0.178151 0.32605 0.238655 0.257143 
0.179832 0.388235 0.220168 0.211765 
0.389916 0.139496 0.194958 0.27563 
0.216807 0.386555 0.168067 0.228571 
0.289076 0.342857 0.205042 0.163025 
0.393277 0.090756 0.07395 0.442017 
0.105882 0.361345 0.30084 0.231933 

