MEME version 4

ALPHABET= ACGT

Background letter frequencies
A 0.25 C 0.25 G 0.25 T 0.25

MOTIF M06735_2.00 _

letter-probability matrix:
0.208113 0.119929 0.580247 0.091711 
0.216931 0.121693 0.109347 0.552028 
0.190476 0.065256 0.643739 0.100529 
0.271605 0.218695 0.285714 0.223986 
0.31746 0.209877 0.178131 0.294533 
0.268078 0.218695 0.215168 0.29806 
0.246914 0.126984 0.426808 0.199295 
0.361552 0.238095 0.269841 0.130511 
0.012346 0.987654 0.0 0.0 
0.968254 0.010582 0.015873 0.005291 
0.0 1.0 0.0 0.0 
0.079365 0.0 0.920635 0.0 
0.022928 0.119929 0.003527 0.853616 
0.0 0.0 0.985891 0.014109 
0.114638 0.33157 0.206349 0.347443 
0.156966 0.54321 0.149912 0.149912 
0.395062 0.153439 0.232804 0.218695 
0.320988 0.174603 0.268078 0.236332 
0.24515 0.375661 0.185185 0.194004 
0.358025 0.178131 0.186949 0.276896 
0.151675 0.356261 0.186949 0.305115 
0.239859 0.185185 0.372134 0.202822 
0.285714 0.183422 0.171076 0.359788 

