MEME version 4

ALPHABET= ACGT

Background letter frequencies
A 0.25 C 0.25 G 0.25 T 0.25

MOTIF M06797_2.00 _

letter-probability matrix:
0.252066 0.14876 0.132231 0.466942 
0.252066 0.132231 0.140496 0.475207 
0.247934 0.177686 0.132231 0.442149 
0.297521 0.11157 0.115702 0.475207 
0.239669 0.095041 0.115702 0.549587 
0.103306 0.061983 0.045455 0.789256 
0.0 0.024793 0.020661 0.954545 
0.0 0.008264 0.0 0.991736 
0.0 0.024793 0.004132 0.971074 
0.0 0.004132 0.991736 0.004132 
0.0 0.008264 0.061983 0.929752 
0.008264 0.979339 0.0 0.012397 
0.053719 0.086777 0.636364 0.22314 
0.008264 0.03719 0.057851 0.896694 
0.028926 0.132231 0.053719 0.785124 
0.144628 0.0 0.024793 0.830579 
0.268595 0.020661 0.004132 0.706612 
0.086777 0.367769 0.446281 0.099174 
0.016529 0.272727 0.016529 0.694215 
0.157025 0.061983 0.483471 0.297521 

