MEME version 4

ALPHABET= ACGT

Background letter frequencies
A 0.25 C 0.25 G 0.25 T 0.25

MOTIF M06803_2.00 _

letter-probability matrix:
0.235897 0.184615 0.162393 0.417094 
0.305983 0.105983 0.131624 0.45641 
0.234188 0.112821 0.152137 0.500855 
0.136752 0.066667 0.042735 0.753846 
0.008547 0.049573 0.018803 0.923077 
0.001709 0.010256 0.003419 0.984615 
0.0 0.018803 0.0 0.981197 
0.0 0.0 1.0 0.0 
0.001709 0.0 0.015385 0.982906 
0.0 0.996581 0.0 0.003419 
0.02906 0.097436 0.641026 0.232479 
0.005128 0.039316 0.052991 0.902564 
0.041026 0.150427 0.083761 0.724786 
0.162393 0.0 0.001709 0.835897 
0.249573 0.061538 0.005128 0.683761 
0.117949 0.336752 0.382906 0.162393 
0.030769 0.261538 0.034188 0.673504 
0.203419 0.075214 0.396581 0.324786 

