MEME version 4

ALPHABET= ACGT

Background letter frequencies
A 0.25 C 0.25 G 0.25 T 0.25

MOTIF M06873_2.00 _

letter-probability matrix:
0.230061 0.0 0.015337 0.754601 
0.134969 0.006135 0.003067 0.855828 
0.076687 0.01227 0.009202 0.90184 
0.03681 0.0 0.033742 0.929448 
0.003067 0.04908 0.944785 0.003067 
0.0 0.003067 0.993865 0.003067 
0.0 1.0 0.0 0.0 
0.0 0.0 1.0 0.0 
0.0 0.009202 0.990798 0.0 
0.0 0.009202 0.990798 0.0 
0.996933 0.0 0.0 0.003067 
0.993865 0.003067 0.0 0.003067 
0.855828 0.030675 0.039877 0.07362 
0.622699 0.067485 0.046012 0.263804 
0.266871 0.110429 0.064417 0.558282 
0.214724 0.134969 0.174847 0.47546 
0.337423 0.088957 0.131902 0.441718 
0.180982 0.199387 0.180982 0.43865 
0.303681 0.052147 0.239264 0.404908 
0.162577 0.064417 0.312883 0.460123 
0.214724 0.141104 0.220859 0.423313 

