MEME version 4

ALPHABET= ACGT

Background letter frequencies
A 0.25 C 0.25 G 0.25 T 0.25

MOTIF M06827_2.00 _

letter-probability matrix:
0.295 0.311667 0.226667 0.166667 
0.14 0.595 0.14 0.125 
0.11 0.095 0.708333 0.086667 
0.088333 0.38 0.086667 0.445 
0.121667 0.02 0.731667 0.126667 
0.065 0.031667 0.171667 0.731667 
0.306667 0.181667 0.273333 0.238333 
0.341667 0.135 0.213333 0.31 
0.396667 0.095 0.288333 0.22 
0.493333 0.141667 0.12 0.245 
0.43 0.148333 0.181667 0.24 
0.381667 0.305 0.26 0.053333 
0.043333 0.93 0.01 0.016667 
0.01 0.0 0.99 0.0 
0.036667 0.5 0.0 0.463333 
0.01 0.0 0.963333 0.026667 
0.01 0.02 0.083333 0.886667 
0.21 0.153333 0.318333 0.318333 

