MEME version 4

ALPHABET= ACGT

Background letter frequencies
A 0.25 C 0.25 G 0.25 T 0.25

MOTIF M06838_2.00 _

letter-probability matrix:
0.132107 0.488294 0.040134 0.339465 
0.580268 0.150502 0.183946 0.085284 
0.0 1.0 0.0 0.0 
0.0 0.020067 0.0 0.979933 
0.0 0.0 0.0 1.0 
0.0 0.0 0.0 1.0 
0.212375 0.041806 0.026756 0.719064 
0.130435 0.153846 0.130435 0.585284 
0.133779 0.434783 0.143813 0.287625 
0.12709 0.220736 0.095318 0.556856 
0.093645 0.147157 0.091973 0.667224 
0.108696 0.135452 0.040134 0.715719 
0.173913 0.135452 0.063545 0.62709 
0.153846 0.247492 0.085284 0.513378 
0.138796 0.244147 0.093645 0.523411 
0.20903 0.157191 0.11204 0.521739 
0.117057 0.230769 0.143813 0.508361 
0.182274 0.143813 0.100334 0.573579 
0.11204 0.167224 0.147157 0.573579 
0.232441 0.155518 0.135452 0.476589 
0.249164 0.172241 0.16388 0.414716 

