MEME version 4

ALPHABET= ACGT

Background letter frequencies
A 0.25 C 0.25 G 0.25 T 0.25

MOTIF M06839_2.00 _

letter-probability matrix:
0.173333 0.186667 0.116667 0.523333 
0.175 0.215 0.101667 0.508333 
0.198333 0.29 0.083333 0.428333 
0.145 0.213333 0.058333 0.583333 
0.161667 0.188333 0.065 0.585 
0.166667 0.171667 0.065 0.596667 
0.193333 0.206667 0.12 0.48 
0.188333 0.183333 0.1 0.528333 
0.141667 0.211667 0.071667 0.575 
0.183333 0.11 0.096667 0.61 
0.138333 0.11 0.103333 0.648333 
0.05 0.22 0.031667 0.698333 
0.32 0.158333 0.07 0.451667 
0.45 0.183333 0.213333 0.153333 
0.0 1.0 0.0 0.0 
0.0 0.0 0.0 1.0 
0.0 0.0 0.0 1.0 
0.0 0.0 0.0 1.0 
0.216667 0.025 0.0 0.758333 
0.098333 0.075 0.11 0.716667 
0.148333 0.261667 0.251667 0.338333 

