MEME version 4

ALPHABET= ACGT

Background letter frequencies
A 0.25 C 0.25 G 0.25 T 0.25

MOTIF M06854_2.00 _

letter-probability matrix:
0.095 0.171667 0.151667 0.581667 
0.1 0.171667 0.003333 0.725 
0.218333 0.153333 0.07 0.558333 
0.488333 0.111667 0.12 0.28 
0.001667 0.925 0.003333 0.07 
0.001667 0.038333 0.0 0.96 
0.0 0.02 0.0 0.98 
0.001667 0.001667 0.0 0.996667 
0.143333 0.035 0.003333 0.818333 
0.12 0.168333 0.058333 0.653333 
0.228333 0.258333 0.141667 0.371667 
0.245 0.25 0.053333 0.451667 
0.105 0.27 0.088333 0.536667 
0.103333 0.163333 0.058333 0.675 
0.103333 0.143333 0.006667 0.746667 
0.105 0.208333 0.001667 0.685 
0.163333 0.098333 0.086667 0.651667 
0.131667 0.206667 0.101667 0.56 
0.106667 0.183333 0.11 0.6 
0.191667 0.173333 0.073333 0.561667 
0.203333 0.14 0.1 0.556667 

