MEME version 4

ALPHABET= ACGT

Background letter frequencies
A 0.25 C 0.25 G 0.25 T 0.25

MOTIF M06824_2.00 _

letter-probability matrix:
0.294118 0.112605 0.129412 0.463866 
0.258824 0.139496 0.168067 0.433613 
0.114286 0.05042 0.05042 0.784874 
0.008403 0.033613 0.013445 0.944538 
0.0 0.005042 0.006723 0.988235 
0.0 0.003361 0.0 0.996639 
0.0 0.0 1.0 0.0 
0.0 0.001681 0.005042 0.993277 
0.0 1.0 0.0 0.0 
0.026891 0.095798 0.626891 0.25042 
0.003361 0.040336 0.045378 0.910924 
0.144538 0.132773 0.062185 0.660504 
0.17479 0.001681 0.003361 0.820168 
0.238655 0.092437 0.031933 0.636975 
0.107563 0.32437 0.304202 0.263866 
0.094118 0.238655 0.129412 0.537815 
0.248739 0.109244 0.352941 0.289076 

