MEME version 4

ALPHABET= ACGT

Background letter frequencies
A 0.25 C 0.25 G 0.25 T 0.25

MOTIF M06816_2.00 _

letter-probability matrix:
0.249135 0.231834 0.15917 0.359862 
0.285467 0.131488 0.16436 0.418685 
0.262976 0.134948 0.188581 0.413495 
0.140138 0.102076 0.053633 0.704152 
0.010381 0.069204 0.022491 0.897924 
0.00173 0.0 0.013841 0.984429 
0.0 0.0 0.0 1.0 
0.0 0.0 1.0 0.0 
0.0 0.0 0.010381 0.989619 
0.0 0.980969 0.0 0.019031 
0.025952 0.091696 0.596886 0.285467 
0.008651 0.062284 0.051903 0.877163 
0.1609 0.16782 0.084775 0.586505 
0.209343 0.0 0.008651 0.782007 
0.205882 0.105536 0.020761 0.66782 
0.128028 0.354671 0.271626 0.245675 
0.107266 0.249135 0.145329 0.49827 
0.235294 0.122837 0.316609 0.32526 

