MEME version 4

ALPHABET= ACGT

Background letter frequencies
A 0.25 C 0.25 G 0.25 T 0.25

MOTIF M06959_2.00 _

letter-probability matrix:
0.06 0.673333 0.261667 0.005 
0.021667 0.976667 0.001667 0.0 
0.156667 0.041667 0.636667 0.165 
0.078333 0.178333 0.566667 0.176667 
0.436667 0.095 0.228333 0.24 
0.23 0.0 0.048333 0.721667 
0.011667 0.073333 0.015 0.9 
0.093333 0.153333 0.008333 0.745 
0.065 0.183333 0.071667 0.68 
0.21 0.515 0.19 0.085 
0.14 0.641667 0.115 0.103333 
0.0 0.0 0.973333 0.026667 
0.013333 0.256667 0.693333 0.036667 
0.343333 0.376667 0.118333 0.161667 
0.36 0.073333 0.41 0.156667 
0.35 0.185 0.28 0.185 

