MEME version 4

ALPHABET= ACGT

Background letter frequencies
A 0.25 C 0.25 G 0.25 T 0.25

MOTIF M06988_2.00 _

letter-probability matrix:
0.495238 0.114286 0.114286 0.27619 
0.428571 0.085714 0.314286 0.171429 
0.619048 0.085714 0.12381 0.171429 
0.219048 0.409524 0.209524 0.161905 
0.085714 0.038095 0.009524 0.866667 
0.028571 0.019048 0.009524 0.942857 
0.314286 0.019048 0.066667 0.6 
0.0 0.990476 0.0 0.009524 
0.0 0.866667 0.0 0.133333 
0.342857 0.32381 0.057143 0.27619 
0.628571 0.066667 0.142857 0.161905 
0.980952 0.0 0.009524 0.009524 
0.695238 0.0 0.0 0.304762 
0.638095 0.047619 0.12381 0.190476 
0.52381 0.019048 0.219048 0.238095 
0.114286 0.0 0.885714 0.0 
0.0 0.0 1.0 0.0 
0.857143 0.057143 0.019048 0.066667 
1.0 0.0 0.0 0.0 
0.952381 0.019048 0.009524 0.019048 
0.066667 0.228571 0.561905 0.142857 

