MEME version 4

ALPHABET= ACGT

Background letter frequencies
A 0.25 C 0.25 G 0.25 T 0.25

MOTIF M06942_2.00 _

letter-probability matrix:
0.546667 0.101667 0.28 0.071667 
0.001667 0.001667 0.991667 0.005 
0.966667 0.003333 0.013333 0.016667 
0.848333 0.01 0.026667 0.115 
0.121667 0.256667 0.485 0.136667 
0.265 0.318333 0.218333 0.198333 
0.116667 0.056667 0.021667 0.805 
0.036667 0.013333 0.026667 0.923333 
0.006667 0.953333 0.04 0.0 
0.025 0.168333 0.076667 0.73 
0.685 0.075 0.226667 0.013333 
0.0 0.008333 0.991667 0.0 
0.936667 0.021667 0.01 0.031667 
0.7 0.056667 0.098333 0.145 
0.231667 0.201667 0.403333 0.163333 

