MEME version 4

ALPHABET= ACGT

Background letter frequencies
A 0.25 C 0.25 G 0.25 T 0.25

MOTIF M07034_2.00 _

letter-probability matrix:
0.305743 0.393581 0.125 0.175676 
0.271959 0.222973 0.246622 0.258446 
0.692568 0.021959 0.079392 0.206081 
0.949324 0.0 0.003378 0.047297 
0.942568 0.0 0.057432 0.0 
0.0625 0.9375 0.0 0.0 
0.0 1.0 0.0 0.0 
0.001689 0.998311 0.0 0.0 
0.0 0.0 0.0 1.0 
1.0 0.0 0.0 0.0 
0.766892 0.005068 0.228041 0.0 
0.364865 0.236486 0.040541 0.358108 
0.138514 0.347973 0.064189 0.449324 
0.201014 0.402027 0.116554 0.280405 
0.158784 0.297297 0.150338 0.393581 
0.418919 0.158784 0.152027 0.27027 
0.434122 0.160473 0.153716 0.251689 
0.373311 0.22973 0.089527 0.307432 
0.356419 0.222973 0.128378 0.29223 
0.25 0.368243 0.126689 0.255068 
0.236486 0.300676 0.128378 0.334459 

