MEME version 4

ALPHABET= ACGT

Background letter frequencies
A 0.25 C 0.25 G 0.25 T 0.25

MOTIF M07068_2.00 _

letter-probability matrix:
0.291667 0.270833 0.020833 0.416667 
0.527778 0.118056 0.159722 0.194444 
0.4375 0.201389 0.173611 0.1875 
0.152778 0.451389 0.263889 0.131944 
0.430556 0.104167 0.243056 0.222222 
0.326389 0.138889 0.25 0.284722 
0.305556 0.3125 0.076389 0.305556 
0.263889 0.125 0.090278 0.520833 
0.25 0.131944 0.111111 0.506944 
0.270833 0.055556 0.0 0.673611 
1.0 0.0 0.0 0.0 
1.0 0.0 0.0 0.0 
0.0 1.0 0.0 0.0 
0.0 0.361111 0.618056 0.020833 
0.0 0.0 1.0 0.0 
0.111111 0.222222 0.006944 0.659722 
0.430556 0.180556 0.055556 0.333333 
0.5625 0.076389 0.118056 0.243056 
0.270833 0.326389 0.069444 0.333333 

