MEME version 4

ALPHABET= ACGT

Background letter frequencies
A 0.25 C 0.25 G 0.25 T 0.25

MOTIF M07061_2.00 _

letter-probability matrix:
0.383333 0.23 0.173333 0.213333 
0.345 0.125 0.296667 0.233333 
0.28 0.12 0.223333 0.376667 
0.238333 0.145 0.03 0.586667 
0.34 0.105 0.231667 0.323333 
0.098333 0.16 0.533333 0.208333 
0.073333 0.256667 0.196667 0.473333 
0.071667 0.255 0.051667 0.621667 
0.046667 0.62 0.111667 0.221667 
0.996667 0.0 0.003333 0.0 
0.198333 0.78 0.003333 0.018333 
0.0 1.0 0.0 0.0 
0.351667 0.07 0.008333 0.57 
1.0 0.0 0.0 0.0 
0.416667 0.581667 0.0 0.001667 
0.038333 0.625 0.0 0.336667 
0.376667 0.148333 0.058333 0.416667 
0.328333 0.225 0.063333 0.383333 

