MEME version 4

ALPHABET= ACGT

Background letter frequencies
A 0.25 C 0.25 G 0.25 T 0.25

MOTIF M07006_2.00 _

letter-probability matrix:
0.343333 0.19 0.121667 0.345 
0.241667 0.208333 0.315 0.235 
0.181667 0.293333 0.216667 0.308333 
0.111667 0.296667 0.088333 0.503333 
0.15 0.383333 0.066667 0.4 
0.011667 0.738333 0.005 0.245 
1.0 0.0 0.0 0.0 
0.103333 0.896667 0.0 0.0 
0.0 0.998333 0.0 0.001667 
0.703333 0.001667 0.001667 0.293333 
1.0 0.0 0.0 0.0 
0.286667 0.71 0.0 0.003333 
0.006667 0.77 0.0 0.223333 
0.376667 0.326667 0.083333 0.213333 
0.251667 0.433333 0.03 0.285 
0.313333 0.281667 0.121667 0.283333 
0.346667 0.211667 0.141667 0.3 
0.261667 0.31 0.155 0.273333 
0.341667 0.255 0.151667 0.251667 
0.301667 0.253333 0.146667 0.298333 
0.26 0.31 0.12 0.31 

