MEME version 4

ALPHABET= ACGT

Background letter frequencies
A 0.25 C 0.25 G 0.25 T 0.25

MOTIF M07053_2.00 _

letter-probability matrix:
0.269231 0.118343 0.168639 0.443787 
0.372781 0.168639 0.218935 0.239645 
0.372781 0.139053 0.245562 0.242604 
0.301775 0.236686 0.227811 0.233728 
0.378698 0.230769 0.168639 0.221893 
0.402367 0.215976 0.109467 0.272189 
0.556213 0.147929 0.10355 0.192308 
0.352071 0.130178 0.100592 0.41716 
0.37574 0.139053 0.224852 0.260355 
0.251479 0.02071 0.159763 0.568047 
0.485207 0.011834 0.434911 0.068047 
0.04142 0.843195 0.0 0.115385 
0.0 1.0 0.0 0.0 
0.0 0.955621 0.0 0.044379 
0.014793 0.029586 0.005917 0.949704 
0.505917 0.02071 0.0 0.473373 
0.792899 0.076923 0.076923 0.053254 
0.621302 0.073964 0.073964 0.230769 

