MEME version 4

ALPHABET= ACGT

Background letter frequencies
A 0.25 C 0.25 G 0.25 T 0.25

MOTIF M07084_2.00 _

letter-probability matrix:
0.205993 0.413858 0.149813 0.230337 
0.29588 0.2397 0.125468 0.338951 
0.189139 0.340824 0.164794 0.305243 
0.220974 0.417603 0.114232 0.247191 
0.417603 0.200375 0.177903 0.20412 
0.38764 0.237828 0.131086 0.243446 
0.348315 0.292135 0.076779 0.282772 
0.398876 0.191011 0.108614 0.301498 
0.23221 0.290262 0.151685 0.325843 
0.280899 0.340824 0.080524 0.297753 
0.17603 0.327715 0.114232 0.382022 
0.082397 0.451311 0.059925 0.406367 
0.14794 0.707865 0.001873 0.142322 
0.985019 0.009363 0.001873 0.003745 
0.074906 0.902622 0.013109 0.009363 
0.005618 0.994382 0.0 0.0 
0.713483 0.0 0.0 0.286517 
0.93633 0.037453 0.003745 0.022472 
0.226592 0.724719 0.029963 0.018727 
0.102996 0.655431 0.029963 0.21161 
0.383895 0.290262 0.102996 0.222846 

