MEME version 4

ALPHABET= ACGT

Background letter frequencies
A 0.25 C 0.25 G 0.25 T 0.25

MOTIF M07156_2.00 _

letter-probability matrix:
0.232218 0.267782 0.020921 0.479079 
0.966527 0.0 0.018828 0.014644 
0.788703 0.211297 0.0 0.0 
0.014644 0.985356 0.0 0.0 
0.083682 0.263598 0.359833 0.292887 
0.248954 0.006276 0.682008 0.062762 
0.441423 0.110879 0.037657 0.410042 
0.5 0.202929 0.018828 0.278243 
0.456067 0.064854 0.046025 0.433054 
0.278243 0.066946 0.0 0.654812 
0.962343 0.002092 0.01046 0.025105 
0.830544 0.165272 0.002092 0.002092 
0.0 0.981172 0.006276 0.012552 
0.066946 0.341004 0.297071 0.294979 
0.196653 0.006276 0.753138 0.043933 
0.328452 0.205021 0.041841 0.424686 
0.334728 0.324268 0.031381 0.309623 
0.439331 0.123431 0.100418 0.33682 
0.317992 0.286611 0.100418 0.294979 

