MEME version 4

ALPHABET= ACGT

Background letter frequencies
A 0.25 C 0.25 G 0.25 T 0.25

MOTIF M07189_2.00 _

letter-probability matrix:
0.050847 0.002421 0.016949 0.929782 
0.164649 0.014528 0.082324 0.738499 
0.365617 0.072639 0.164649 0.397094 
0.004843 0.98063 0.0 0.014528 
0.0 0.0 0.169492 0.830508 
0.009685 0.004843 0.0 0.985472 
0.077482 0.116223 0.774818 0.031477 
0.152542 0.125908 0.082324 0.639225 
0.329298 0.157385 0.276029 0.237288 
0.285714 0.169492 0.22276 0.322034 
0.283293 0.276029 0.108959 0.331719 
0.498789 0.05569 0.210654 0.234867 
0.046005 0.651332 0.038741 0.263923 
0.98063 0.0 0.009685 0.009685 
0.539952 0.440678 0.01937 0.0 
0.002421 0.0 0.917676 0.079903 
0.154964 0.188862 0.065375 0.590799 
0.363196 0.169492 0.004843 0.46247 
0.782082 0.014528 0.016949 0.186441 
0.193705 0.414044 0.075061 0.317191 
0.150121 0.515738 0.089588 0.244552 

