MEME version 4

ALPHABET= ACGT

Background letter frequencies
A 0.25 C 0.25 G 0.25 T 0.25

MOTIF M07158_2.00 _

letter-probability matrix:
0.494118 0.25098 0.082353 0.172549 
0.54902 0.152941 0.188235 0.109804 
0.541176 0.117647 0.129412 0.211765 
0.4 0.258824 0.101961 0.239216 
0.298039 0.376471 0.07451 0.25098 
0.286275 0.32549 0.090196 0.298039 
0.196078 0.145098 0.14902 0.509804 
0.654902 0.015686 0.137255 0.192157 
0.772549 0.007843 0.007843 0.211765 
0.729412 0.011765 0.258824 0.0 
0.043137 0.937255 0.003922 0.015686 
0.019608 0.929412 0.011765 0.039216 
0.0 0.937255 0.05098 0.011765 
0.0 0.070588 0.019608 0.909804 
0.984314 0.011765 0.003922 0.0 
0.905882 0.003922 0.082353 0.007843 
0.364706 0.223529 0.035294 0.376471 
0.090196 0.278431 0.027451 0.603922 
0.2 0.372549 0.094118 0.333333 

