MEME version 4

ALPHABET= ACGT

Background letter frequencies
A 0.25 C 0.25 G 0.25 T 0.25

MOTIF M07197_2.00 _

letter-probability matrix:
0.230903 0.147569 0.454861 0.166667 
0.272569 0.159722 0.3125 0.255208 
0.024306 0.0 0.0 0.975694 
0.232639 0.027778 0.118056 0.621528 
0.333333 0.144097 0.276042 0.246528 
0.006944 0.991319 0.0 0.001736 
0.001736 0.001736 0.383681 0.612847 
0.0 0.001736 0.0 0.998264 
0.130208 0.154514 0.706597 0.008681 
0.123264 0.149306 0.045139 0.682292 
0.201389 0.217014 0.256944 0.324653 
0.234375 0.307292 0.184028 0.274306 
0.215278 0.286458 0.149306 0.348958 
0.546875 0.038194 0.182292 0.232639 
0.005208 0.762153 0.026042 0.206597 
1.0 0.0 0.0 0.0 
0.309028 0.690972 0.0 0.0 
0.0 0.0 0.984375 0.015625 
0.0625 0.262153 0.100694 0.574653 
0.333333 0.194444 0.001736 0.470486 
0.836806 0.001736 0.003472 0.157986 

