MEME version 4

ALPHABET= ACGT

Background letter frequencies
A 0.25 C 0.25 G 0.25 T 0.25

MOTIF M07218_2.00 _

letter-probability matrix:
0.070117 0.001669 0.0 0.928214 
0.202003 0.018364 0.081803 0.69783 
0.257095 0.086811 0.51586 0.140234 
0.048414 0.949917 0.001669 0.0 
0.0 0.0 0.310518 0.689482 
0.0 0.0 0.001669 0.998331 
0.223706 0.196995 0.525876 0.053422 
0.375626 0.158598 0.083472 0.382304 
0.450751 0.073456 0.180301 0.295492 
0.30384 0.148581 0.148581 0.398998 
0.186978 0.207012 0.105175 0.500835 
0.270451 0.118531 0.193656 0.417362 
0.003339 0.450751 0.063439 0.482471 
1.0 0.0 0.0 0.0 
0.267112 0.732888 0.0 0.0 
0.008347 0.0 0.891486 0.100167 
0.023372 0.45409 0.03005 0.492487 
0.39399 0.146912 0.006678 0.452421 
0.813022 0.003339 0.005008 0.178631 
0.170284 0.435726 0.073456 0.320534 
0.193656 0.520868 0.1202 0.165275 

