MEME version 4

ALPHABET= ACGT

Background letter frequencies
A 0.25 C 0.25 G 0.25 T 0.25

MOTIF M07234_2.00 _

letter-probability matrix:
0.090444 0.005119 0.006826 0.897611 
0.232082 0.020478 0.129693 0.617747 
0.353242 0.162116 0.242321 0.242321 
0.013652 0.986348 0.0 0.0 
0.003413 0.0 0.390785 0.605802 
0.003413 0.001706 0.0 0.994881 
0.158703 0.12628 0.703072 0.011945 
0.175768 0.165529 0.040956 0.617747 
0.245734 0.206485 0.244027 0.303754 
0.257679 0.336177 0.191126 0.215017 
0.266212 0.286689 0.124573 0.322526 
0.604096 0.046075 0.172355 0.177474 
0.0 0.796928 0.044369 0.158703 
1.0 0.0 0.0 0.0 
0.375427 0.624573 0.0 0.0 
0.003413 0.0 0.977816 0.018771 
0.081911 0.343003 0.06314 0.511945 
0.474403 0.156997 0.008532 0.360068 
0.904437 0.0 0.0 0.095563 
0.122867 0.508532 0.068259 0.300341 

