MEME version 4

ALPHABET= ACGT

Background letter frequencies
A 0.25 C 0.25 G 0.25 T 0.25

MOTIF M07249_2.00 _

letter-probability matrix:
0.247019 0.20954 0.350937 0.192504 
0.206133 0.286201 0.124361 0.383305 
0.183986 0.001704 0.797274 0.017036 
0.609881 0.134583 0.064736 0.190801 
0.0 0.994889 0.0 0.005111 
0.003407 0.194208 0.453152 0.349233 
0.129472 0.264055 0.201022 0.405451 
0.015332 0.017036 0.0 0.967632 
0.015332 0.051107 0.0 0.93356 
0.022147 0.763203 0.148211 0.06644 
0.528109 0.068143 0.396934 0.006814 
0.240204 0.110733 0.243612 0.405451 
0.180579 0.686542 0.030664 0.102215 
0.0 0.0 0.015332 0.984668 
0.069847 0.165247 0.015332 0.749574 
0.018739 0.9523 0.008518 0.020443 
0.020443 0.725724 0.006814 0.247019 
0.156729 0.369676 0.09029 0.383305 
0.226576 0.357751 0.155026 0.260647 

