MEME version 4

ALPHABET= ACGT

Background letter frequencies
A 0.25 C 0.25 G 0.25 T 0.25

MOTIF M07215_2.00 _

letter-probability matrix:
0.262542 0.145485 0.090301 0.501672 
0.165552 0.095318 0.192308 0.546823 
0.103679 0.185619 0.071906 0.638796 
0.133779 0.202341 0.028428 0.635452 
0.662207 0.018395 0.277592 0.041806 
0.0 1.0 0.0 0.0 
0.0 0.086957 0.0 0.913043 
0.0 0.0 0.0 1.0 
0.0 0.0 0.0 1.0 
0.165552 0.025084 0.0 0.809365 
0.088629 0.113712 0.120401 0.677258 
0.198997 0.294314 0.229097 0.277592 
0.200669 0.267559 0.157191 0.374582 
0.210702 0.192308 0.113712 0.483278 
0.137124 0.219064 0.080268 0.563545 
0.148829 0.173913 0.078595 0.598662 
0.130435 0.19398 0.091973 0.583612 
0.157191 0.138796 0.090301 0.613712 
0.187291 0.138796 0.157191 0.516722 
0.183946 0.192308 0.165552 0.458194 
0.180602 0.145485 0.14214 0.531773 

