MEME version 4

ALPHABET= ACGT

Background letter frequencies
A 0.25 C 0.25 G 0.25 T 0.25

MOTIF M07316_2.00 _

letter-probability matrix:
0.391156 0.214286 0.231293 0.163265 
0.318027 0.144558 0.258503 0.278912 
0.316327 0.205782 0.222789 0.255102 
0.32483 0.166667 0.268707 0.239796 
0.348639 0.12415 0.244898 0.282313 
0.294218 0.22619 0.290816 0.188776 
0.428571 0.132653 0.258503 0.180272 
0.238095 0.193878 0.287415 0.280612 
0.256803 0.154762 0.251701 0.336735 
0.081633 0.47619 0.079932 0.362245 
0.443878 0.066327 0.471088 0.018707 
0.0 1.0 0.0 0.0 
0.991497 0.0 0.0 0.008503 
0.0 1.0 0.0 0.0 
0.0 0.0 1.0 0.0 
0.017007 0.006803 0.001701 0.97449 
0.022109 0.0 0.977891 0.0 
0.0 0.345238 0.057823 0.596939 
0.103741 0.006803 0.882653 0.006803 
0.173469 0.222789 0.442177 0.161565 

