MEME version 4

ALPHABET= ACGT

Background letter frequencies
A 0.25 C 0.25 G 0.25 T 0.25

MOTIF M07377_2.00 _

letter-probability matrix:
0.312281 0.119298 0.294737 0.273684 
0.280702 0.136842 0.277193 0.305263 
0.266667 0.22807 0.284211 0.221053 
0.298246 0.17193 0.14386 0.385965 
0.277193 0.287719 0.080702 0.354386 
0.435088 0.154386 0.147368 0.263158 
0.45614 0.066667 0.270175 0.207018 
0.364912 0.294737 0.101754 0.238596 
0.340351 0.312281 0.14386 0.203509 
0.508772 0.150877 0.080702 0.259649 
0.466667 0.129825 0.133333 0.270175 
0.701754 0.0 0.298246 0.0 
0.0 0.0 1.0 0.0 
0.0 0.0 0.0 1.0 
0.0 1.0 0.0 0.0 
1.0 0.0 0.0 0.0 
1.0 0.0 0.0 0.0 
0.077193 0.919298 0.0 0.003509 
0.098246 0.073684 0.684211 0.14386 

