MEME version 4

ALPHABET= ACGT

Background letter frequencies
A 0.25 C 0.25 G 0.25 T 0.25

MOTIF M07404_2.00 _

letter-probability matrix:
0.343042 0.297735 0.15534 0.203883 
0.466019 0.122977 0.145631 0.265372 
0.443366 0.119741 0.122977 0.313916 
0.666667 0.022654 0.291262 0.019417 
0.0 0.0 1.0 0.0 
0.0 0.0 0.0 1.0 
0.006472 0.993528 0.0 0.0 
1.0 0.0 0.0 0.0 
1.0 0.0 0.0 0.0 
0.022654 0.97411 0.0 0.003236 
0.148867 0.090615 0.595469 0.165049 
0.271845 0.288026 0.223301 0.216828 
0.223301 0.300971 0.165049 0.31068 
0.343042 0.158576 0.255663 0.242718 
0.326861 0.126214 0.28479 0.262136 
0.223301 0.097087 0.297735 0.381877 
0.184466 0.177994 0.23301 0.404531 
0.326861 0.297735 0.132686 0.242718 
0.462783 0.220065 0.110032 0.20712 
0.436893 0.187702 0.145631 0.229773 
0.359223 0.226537 0.236246 0.177994 

