MEME version 4

ALPHABET= ACGT

Background letter frequencies
A 0.25 C 0.25 G 0.25 T 0.25

MOTIF M07635_2.00 _

letter-probability matrix:
0.38125 0.13125 0.28125 0.20625 
0.48125 0.13125 0.05625 0.33125 
0.33125 0.08125 0.50625 0.08125 
0.00625 0.10625 0.00625 0.88125 
0.00625 0.00625 0.00625 0.98125 
0.00625 0.00625 0.05625 0.93125 
0.00625 0.00625 0.03125 0.95625 
0.00625 0.98125 0.00625 0.00625 
0.15625 0.03125 0.08125 0.73125 
0.10625 0.05625 0.15625 0.68125 
0.08125 0.00625 0.60625 0.30625 
0.20625 0.10625 0.20625 0.48125 
0.48125 0.15625 0.15625 0.20625 
0.28125 0.23125 0.08125 0.40625 
0.15625 0.05625 0.33125 0.45625 
0.50625 0.10625 0.10625 0.28125 
0.00625 0.05625 0.10625 0.83125 
0.55625 0.03125 0.28125 0.13125 
0.00625 0.00625 0.03125 0.95625 
0.00625 0.55625 0.00625 0.43125 
0.18125 0.05625 0.10625 0.65625 

