MEME version 4

ALPHABET= ACGT

Background letter frequencies
A 0.25 C 0.25 G 0.25 T 0.25

MOTIF M07728_2.00 _

letter-probability matrix:
0.0104167 0.0104167 0.0104167 0.96875 
0.0520833 0.71875 0.0104167 0.21875 
0.09375 0.260417 0.135417 0.510417 
0.177083 0.34375 0.21875 0.260417 
0.427083 0.09375 0.260417 0.21875 
0.59375 0.0520833 0.302083 0.0520833 
0.0520833 0.46875 0.46875 0.0104167 
0.0104167 0.0104167 0.0104167 0.96875 
0.260417 0.0520833 0.677083 0.0104167 
0.0104167 0.0104167 0.96875 0.0104167 
0.0104167 0.0104167 0.0104167 0.96875 
0.09375 0.135417 0.46875 0.302083 
0.0520833 0.46875 0.21875 0.260417 
0.0520833 0.510417 0.21875 0.21875 
0.927083 0.0520833 0.0104167 0.0104167 
0.0104167 0.927083 0.0104167 0.0520833 
0.0104167 0.885417 0.0104167 0.09375 
0.71875 0.0104167 0.09375 0.177083 

