MEME version 4

ALPHABET= ACGT

Background letter frequencies
A 0.25 C 0.25 G 0.25 T 0.25

MOTIF M08078_2.00 _

letter-probability matrix:
0.0711481844946 0.0475956820412 0.820412168793 0.0608439646712 
0.641315014719679 0.202158979391899 0.138370951913931 0.0181550539744909 
0.00196270853777945 0.0304219823355915 0.00539744847889849 0.962217860647731 
0.0 0.0137389597645004 0.976938174681029 0.00932286555447028 
0.990677134445543 0.000981354268890548 0.00637880274778706 0.0019627085377791 
0.00490677134445823 0.770853778213723 0.0505397448478818 0.173699705593937 
0.259077526986964 0.00343473994111952 0.728655544651898 0.00883218842001876 
0.000981354268891411 0.00588812561335247 0.00147203140334062 0.991658488714416 
0.000981354268891195 0.00834151128557166 0.989205103042197 0.00147203140334029 
0.00539744847889919 0.00588812561334912 0.961236506378856 0.0274779195288959 
0.0515210991168149 0.92983316977427 0.00441609421001128 0.0142296368989041 
0.670755642787134 0.0740922473013148 0.191854759568038 0.0632973503435127 
0.153091265947 0.51324828263 0.183513248283 0.15014720314 

