MEME version 4

ALPHABET= ACGT

Background letter frequencies
A 0.25 C 0.25 G 0.25 T 0.25

MOTIF M08065_2.00 _

letter-probability matrix:
0.190501319261 0.25963060686 0.359894459103 0.189973614776 
0.449604221636315 0.273878627968192 0.223218997361156 0.0532981530343373 
0.00580474934037261 0.0100263852243045 0.00527704485488237 0.97889182058044 
0.0116094986807043 0.00738786279683273 0.943007915567349 0.0379947229551141 
0.971503957783592 0.0100263852242958 0.00791556728231668 0.0105540897097956 
0.0385224274406193 0.76042216358838 0.153562005277077 0.0474934036939238 
0.0580474934037221 0.00791556728232301 0.015831134564606 0.918205804749349 
0.0321899736148022 0.949340369393066 0.00738786279683052 0.0110817941953008 
0.957255936675431 0.00686015831135309 0.0163588390501074 0.0195250659631088 
0.023746701847 0.0253298153034 0.864907651715 0.0860158311346 
0.0416886543536 0.88654353562 0.045382585752 0.0263852242744 
0.703957783641282 0.0844327176781338 0.0902374670185361 0.121372031662049 
0.27018469657 0.213192612137 0.26437994723 0.252242744063 
0.27968337730872 0.194722955144805 0.155145118733845 0.37044854881263 

