MEME version 4

ALPHABET= ACGT

Background letter frequencies
A 0.25 C 0.25 G 0.25 T 0.25

MOTIF M08022_2.00 _

letter-probability matrix:
0.476426523573476 0.0545909454090546 0.337468662531338 0.131513868486132 
0.096774 0.287841 0.526055 0.08933 
0.029777 0.53598 0.002481 0.431762 
0.081886 0.007444 0.754342 0.156328 
0.052109 0.861042 0.009926 0.076923 
0.007444 0.98263 0.0 0.009926 
0.354839 0.590571 0.019851 0.034739 
0.004963 0.563275 0.004963 0.426799 
0.00248100248100248 0.995037995037995 0.00248100248100248 0.0 
0.00992599007400993 0.0198509801490199 0.00992599007400993 0.96029703970296 
0.35980135980136 0.0471460471460471 0.384615384615385 0.208437208437208 
0.002481 0.39206 0.548387 0.057072 
0.08933 0.047146 0.012407 0.851117 
0.0 0.0 0.992556 0.007444 
0.032258 0.019851 0.875931 0.07196 

