MEME version 4

ALPHABET= ACGT

Background letter frequencies
A 0.25 C 0.25 G 0.25 T 0.25

MOTIF M08058_2.00 _

letter-probability matrix:
0.256502317037744 0.238633991566761 0.236254331398764 0.268609359996731 
0.262347096397 0.237673777815 0.25078278295 0.249196342838 
0.400868367219 0.129503611239 0.204400283889 0.265227737653 
0.272032730764136 0.0757733895545379 0.467415355070234 0.184778524611092 
0.20494301340098 0.0768588485784923 0.69865987558993 0.019538262430598 
0.0313113179977094 0.0711393144909213 0.039953241765112 0.857596125746257 
0.00208742119984914 0.991775560472593 0.00430008767168824 0.00183693065586925 
0.981964680833295 0.00571953408759172 0.00317288022377095 0.00914290485534274 
0.00225441489584036 0.778816849664125 0.0144867031270023 0.204442032313033 
0.204483780737033 0.0144867031270023 0.778775101240125 0.00225441489584036 
0.00914290485534274 0.00317288022377095 0.00571953408759172 0.981964680833295 
0.00183693065586925 0.00430008767168824 0.991817308896593 0.00204567277584916 
0.857804867866171 0.039911493341108 0.0710558176429142 0.0312278211498062 
0.019538262430598 0.69874337243793 0.0769005970024923 0.20481776812898 
0.184778524611092 0.467331858222234 0.0757733895545379 0.272116227612136 
0.265269486077 0.204358535465 0.129545359663 0.400826618795 
0.249238091262 0.250657537678 0.237715526239 0.262388844821 
0.268692856844731 0.236254331398764 0.238550494718761 0.256502317037744 

