MEME version 4

ALPHABET= ACGT

Background letter frequencies
A 0.25 C 0.25 G 0.25 T 0.25

MOTIF M08175_2.00 _

letter-probability matrix:
0.175276752767825 0.215867158671784 0.407749077490592 0.201107011069799 
0.206642066421 0.271217712177 0.317343173432 0.20479704797 
0.206642066421 0.381918819188 0.20479704797 0.206642066421 
0.30073800738 0.10332103321 0.110701107011 0.485239852399 
0.0332103321032884 0.00553505535054806 0.946494464944669 0.0147601476014948 
0.0442804428044133 0.0184501845018055 0.922509225092277 0.0147601476015044 
0.940959409594 0.0166051660517 0.0147601476015 0.0276752767528 
0.966789667896739 0.011070110701097 0.018450184501795 0.003690036900369 
0.0166051660517063 0.0202952029520077 0.0092250922509235 0.953874538745362 
0.0202952029520041 0.0258302583026052 0.881918819188176 0.0719557195572144 
0.0258302583026077 0.129151291513039 0.0313653136531094 0.813653136531244 
0.249077490775 0.149446494465 0.439114391144 0.162361623616 
0.273062730627 0.206642066421 0.267527675277 0.252767527675 

