MEME version 4

ALPHABET= ACGT

Background letter frequencies
A 0.25 C 0.25 G 0.25 T 0.25

MOTIF M08124_2.00 _

letter-probability matrix:
0.286434316354 0.209061662198 0.228203753351 0.276300268097 
0.326970509383 0.159571045576 0.246648793566 0.266809651475 
0.277587131367 0.268096514745 0.277104557641 0.177211796247 
0.862627345845 0.0122788203753 0.0118498659517 0.113243967828 
0.0112600536192949 0.00546916890079754 0.980482573726559 0.00278820375334874 
0.978552278820362 0.00654155495979242 0.00825737265416305 0.00664879356568246 
0.0175335120643014 0.0074530831099206 0.0140482573727011 0.960965147453077 
0.940643431635348 0.00997319034853369 0.0109919571046041 0.0383914209115142 
0.957855227882019 0.00423592493298008 0.0184986595174004 0.0194101876676004 
0.0510455764075 0.0958713136729 0.830563002681 0.0225201072386 
0.672439678283798 0.10042895442397 0.190563002680943 0.036568364611289 
0.339034852547 0.166112600536 0.239410187668 0.255442359249 
0.373029490617 0.180643431635 0.203646112601 0.242680965147 

