MEME version 4

ALPHABET= ACGT

Background letter frequencies
A 0.25 C 0.25 G 0.25 T 0.25

MOTIF M08129_2.00 _

letter-probability matrix:
0.292741272333 0.274501009195 0.180234731255 0.252522987217 
0.340435075129 0.242580548703 0.199297301338 0.21768707483 
0.419152276295 0.141511549675 0.264483815504 0.174852358526 
0.855348732899743 0.0213799805636936 0.0739328698511778 0.0493384166853852 
0.905584211706728 0.016745159602295 0.0411901024145876 0.0364805262763891 
0.00919488674591074 0.968453315392077 0.0169694251327014 0.00538237272931043 
0.154892726321016 0.0889586603872089 0.0246692083427025 0.731479404949073 
0.0490393959782049 0.0230993496300023 0.863272781640086 0.0645884727517065 
0.00807355909396661 0.0122598489944948 0.971219256933592 0.00844733497794645 
0.0351349330940895 0.0349854227404895 0.0129326455856961 0.916946998579725 
0.0405173058233878 0.0529266651715841 0.0138297077072959 0.892726321297732 
0.126934290199962 0.0955371159452713 0.108170740823968 0.669357853030799 
0.142632877326857 0.148389025939852 0.403603199521596 0.305374897211695 
0.265754653509734 0.166106002840834 0.271510802122729 0.296628541526703 
0.162966285414837 0.455259026687545 0.156612095387843 0.225162592509775 

