MEME version 4

ALPHABET= ACGT

Background letter frequencies
A 0.25 C 0.25 G 0.25 T 0.25

MOTIF M08261_2.00 _

letter-probability matrix:
0.046 0.834 0.04 0.08 
0.014 0.91 0.016 0.06 
0.042 0.046 0.134 0.778 
0.032 0.94 0.014 0.014 
0.006 0.798 0.004 0.192 
0.102 0.118 0.242 0.538 
0.014 0.974 0.002 0.01 
0.004 0.934 0.012 0.05 
0.378 0.476 0.09 0.056 
0.02 0.042 0.002 0.936 
0.014 0.926 0.0 0.06 
0.532 0.032 0.14 0.296 
0.046 0.082 0.844 0.028 
0.686 0.098 0.1 0.116 
0.064 0.736 0.044 0.156 

