MEME version 4

ALPHABET= ACGT

Background letter frequencies
A 0.25 C 0.25 G 0.25 T 0.25

MOTIF M08412_2.00 _

letter-probability matrix:
0.424530293434873 0.0740975300822778 0.080008444162976 0.421363732319874 
0.361832383364819 0.0728309056364636 0.0943635212159528 0.470973189782764 
0.1832383365 0.162550137218 0.271057631412 0.38315389487 
0.0926746886215185 0.297445640701059 0.0747308423053149 0.535148828372107 
0.336288790374034 0.040320878192904 0.512982900570051 0.110407430863011 
0.0709309689676929 0.150517204981985 0.0624868059953938 0.716065020054928 
0.316022799239915 0.00168883259446954 0.0867637745407766 0.595524593624839 
0.00443318556047942 0.00126662444584984 0.969812117373874 0.0244880726197968 
0.00147772852015985 0.955457040320905 0.00105552037153989 0.0420097107873958 
0.755541481950584 0.240658644711868 0.00232214481738872 0.00147772852015919 
0.0728309056364796 0.0200548870592944 0.00443318556047876 0.902681021743747 
0.883048342833044 0.020265991133601 0.0930968967701046 0.00358876926325018 
0.0702976567448141 0.793540215326159 0.0496094574625099 0.0865526704665173 
0.105129829005962 0.066708887481476 0.00401097741185856 0.824150306100703 
0.0278657378086889 0.0622757019209751 0.0196326789106921 0.890225881359644 
0.118640489761095 0.111674055309089 0.0439096474562351 0.725775807473581 
0.0968967701077291 0.195271268735059 0.123706987545037 0.584124973612175 
0.300823305889699 0.206248680599794 0.312434029976688 0.180493983533819 
0.153472662022107 0.0487650411653341 0.633523327000443 0.164238969812115 
0.0724086974879217 0.00738864260080222 0.868904369854261 0.0512982900570154 
0.097107874181932 0.592780240658585 0.239180916191833 0.0709309689676503 

