MEME version 4

ALPHABET= ACGT

Background letter frequencies
A 0.25 C 0.25 G 0.25 T 0.25

MOTIF M08424_2.00 _

letter-probability matrix:
0.304347826087304 0.260869565217261 0.228260869565228 0.206521739130207 
0.30434782608697 0.119565217390988 0.0869565217390913 0.489130434782951 
0.304347826086878 0.0108695652173957 0.108695652173957 0.57608695652177 
0.358695652174 0.173913043478 0.119565217391 0.347826086957 
0.0760869565217228 0.923913043478277 0.0 0.0 
0.0326086956521967 0.858695652173914 0.0108695652173989 0.0978260869564902 
0.630434782609189 0.173913043478052 0.0760869565217228 0.119565217391036 
0.728260869564927 0.0543478260869946 0.0869565217390913 0.130434782608987 
0.93478260869572 0.0 0.0 0.0652173913042804 
0.836956521738833 0.0108695652173978 0.0217391304347956 0.130434782608974 
0.847826086956576 0.0869565217390565 0.0326086956521837 0.0326086956521837 
0.36956521739137 0.108695652174109 0.152173913043152 0.36956521739137 
0.173913043478035 0.0 0.804347826087161 0.0217391304348044 
0.0 0.0 1.0 0.0 
0.771739130435 0.108695652174 0.0 0.119565217391 
0.913043478260817 0.0217391304347956 0.0217391304347956 0.0434782608695913 
0.836956521739167 0.0760869565217152 0.0217391304348043 0.065217391304313 
0.369565217391333 0.0869565217391783 0.423913043478381 0.119565217391108 
0.54347826087 0.173913043478 0.054347826087 0.228260869565 
0.413043478260917 0.228260869564954 0.0326086956521935 0.326086956521935 

