MEME version 4

ALPHABET= ACGT

Background letter frequencies
A 0.25 C 0.25 G 0.25 T 0.25

MOTIF M08698_2.00 _

letter-probability matrix:
0.029 0.894 0.024 0.053 
0.01998001998002 0.104895104895105 0.836163836163836 0.038961038961039 
0.05 0.081 0.803 0.066 
0.465 0.274 0.137 0.124 
0.139 0.321 0.461 0.079 
0.146146146146146 0.291291291291291 0.35035035035035 0.212212212212212 
0.414 0.22 0.237 0.129 
0.261738261738262 0.398601398601399 0.240759240759241 0.0989010989010989 
0.003 0.09 0.041 0.866 
0.145 0.427 0.283 0.145 
0.0650650650650651 0.189189189189189 0.118118118118118 0.627627627627628 
0.149 0.327 0.286 0.238 
0.0730730730730731 0.337337337337337 0.461461461461461 0.128128128128128 
0.214785214785215 0.230769230769231 0.210789210789211 0.343656343656344 
0.025025025025025 0.770770770770771 0.189189189189189 0.015015015015015 
0.053 0.887 0.041 0.019 
0.026 0.012 0.939 0.023 

