MEME version 4

ALPHABET= ACGT

Background letter frequencies
A 0.25 C 0.25 G 0.25 T 0.25

MOTIF M08730_2.00 _

letter-probability matrix:
0.189583333333333 0.4375 0.175 0.197916666666667 
0.21875 0.245833333333333 0.160416666666667 0.375 
0.220833333333333 0.254166666666667 0.427083333333333 0.0979166666666667 
0.00625 0.98125 0.00416666666666667 0.00833333333333333 
0.98125 0.00416666666666667 0.0 0.0145833333333333 
0.00625 0.614583333333333 0.358333333333333 0.0208333333333333 
0.00833333333333333 0.979166666666667 0.00208333333333333 0.0104166666666667 
0.00833333333333333 0.00208333333333333 0.00208333333333333 0.9875 
0.00416666666666667 0.00416666666666667 0.977083333333333 0.0145833333333333 
0.00833333333333333 0.78125 0.0833333333333333 0.127083333333333 
0.08125 0.420833333333333 0.00625 0.491666666666667 
0.102083333333333 0.385416666666667 0.275 0.2375 
0.13125 0.491666666666667 0.0979166666666667 0.279166666666667 
0.166666666666667 0.40625 0.152083333333333 0.275 

