MEME version 4

ALPHABET= ACGT

Background letter frequencies
A 0.25 C 0.25 G 0.25 T 0.25

MOTIF M08771_2.00 _

letter-probability matrix:
0.332 0.34 0.198 0.13 
0.44 0.102 0.23 0.228 
0.224 0.136 0.452 0.188 
0.366 0.292 0.26 0.082 
0.454 0.192 0.086 0.268 
0.276 0.166 0.382 0.176 
0.292 0.114 0.49 0.104 
0.284 0.186 0.432 0.098 
0.508 0.154 0.258 0.08 
0.69 0.034 0.252 0.024 
0.446 0.18 0.362 0.012 
0.074 0.912 0.014 0.0 
0.946 0.006 0.014 0.034 
0.012 0.05 0.784 0.154 
0.476 0.49 0.026 0.008 
0.118 0.026 0.016 0.84 
0.018 0.004 0.826 0.152 
0.022 0.142 0.62 0.216 

