MEME version 4

ALPHABET= ACGT

Background letter frequencies
A 0.25 C 0.25 G 0.25 T 0.25

MOTIF M08759_2.00 _

letter-probability matrix:
0.114 0.54 0.202 0.144 
0.07 0.196 0.134 0.6 
0.018 0.044 0.652 0.286 
0.09 0.272 0.43 0.208 
0.178 0.264 0.294 0.264 
0.26 0.218 0.272 0.25 
0.26 0.218 0.326 0.196 
0.288 0.2 0.268 0.244 
0.236 0.242 0.272 0.25 
0.41 0.14 0.252 0.198 
0.18 0.386 0.34 0.094 
0.684 0.018 0.0 0.298 
0.002 0.0 0.998 0.0 
0.99 0.002 0.002 0.006 
0.006 0.012 0.008 0.974 
0.982 0.002 0.0 0.016 
0.924 0.006 0.056 0.014 
0.154 0.176 0.602 0.068 
0.398 0.182 0.374 0.046 
0.388 0.216 0.254 0.142 

