MEME version 4

ALPHABET= ACGT

Background letter frequencies
A 0.25 C 0.25 G 0.25 T 0.25

MOTIF M08722_2.00 _

letter-probability matrix:
0.271629778672032 0.0362173038229376 0.0362173038229376 0.655935613682093 
0.688128772635815 0.03420523138833 0.185110663983903 0.0925553319919517 
0.89738430583501 0.0523138832997988 0.03420523138833 0.0160965794768612 
0.0704225352112676 0.0885311871227364 0.0563380281690141 0.784708249496982 
0.112676056338028 0.160965794768612 0.291750503018109 0.434607645875252 
0.488933601609658 0.0905432595573441 0.360160965794769 0.0603621730382294 
0.496981891348089 0.118712273641851 0.267605633802817 0.116700201207243 
0.549295774647887 0.0704225352112676 0.0945674044265594 0.285714285714286 
0.54728370221328 0.0865191146881288 0.0744466800804829 0.291750503018109 
0.293762575452716 0.535211267605634 0.144869215291751 0.0261569416498994 
0.0241448692152918 0.967806841046278 0.00804828973843059 0.0 
0.99195171026157 0.00201207243460765 0.00402414486921529 0.00201207243460765 
0.0201207243460765 0.0804828973843058 0.702213279678069 0.197183098591549 
0.724346076458753 0.183098591549296 0.0824949698189135 0.0100603621730382 
0.028169014084507 0.03420523138833 0.0140845070422535 0.92354124748491 
0.0321931589537223 0.028169014084507 0.869215291750503 0.0704225352112676 
0.0704225352112676 0.154929577464789 0.267605633802817 0.507042253521127 

