MEME version 4

ALPHABET= ACGT

Background letter frequencies
A 0.25 C 0.25 G 0.25 T 0.25

MOTIF M08794_2.00 _

letter-probability matrix:
0.186 0.186 0.386 0.242 
0.482 0.146 0.12 0.252 
0.12 0.318 0.462 0.1 
0.088 0.042 0.006 0.864 
0.154 0.81 0.024 0.012 
0.982 0.01 0.0 0.008 
0.264 0.056 0.198 0.482 
0.664 0.064 0.042 0.23 
0.39 0.218 0.182 0.21 
0.2 0.12 0.178 0.502 
0.106 0.02 0.856 0.018 
0.756 0.042 0.16 0.042 
0.882 0.008 0.064 0.046 
0.94 0.014 0.016 0.03 
0.078 0.502 0.39 0.03 
0.216 0.244 0.056 0.484 
0.268 0.206 0.354 0.172 

