MEME version 4

ALPHABET= ACGT

Background letter frequencies
A 0.25 C 0.25 G 0.25 T 0.25

MOTIF M08799_2.00 _

letter-probability matrix:
0.366 0.306 0.186 0.142 
0.194 0.11 0.084 0.612 
0.068 0.212 0.508 0.212 
0.878 0.02 0.03 0.072 
0.022 0.316 0.558 0.104 
0.002 0.012 0.008 0.978 
0.09 0.85 0.056 0.004 
0.996 0.0 0.002 0.002 
0.242 0.022 0.158 0.578 
0.56 0.084 0.018 0.338 
0.286 0.23 0.114 0.37 
0.138 0.396 0.086 0.38 
0.266 0.046 0.546 0.142 
0.624 0.052 0.238 0.086 
0.514 0.024 0.328 0.134 
0.926 0.044 0.018 0.012 
0.206 0.346 0.4 0.048 
0.206 0.264 0.078 0.452 

