MEME version 4

ALPHABET= ACGT

Background letter frequencies
A 0.25 C 0.25 G 0.25 T 0.25

MOTIF M08766_2.00 _

letter-probability matrix:
0.254 0.072 0.046 0.628 
0.698 0.034 0.164 0.104 
0.854 0.076 0.04 0.03 
0.062 0.064 0.058 0.816 
0.126 0.214 0.288 0.372 
0.484 0.116 0.34 0.06 
0.484 0.124 0.29 0.102 
0.54 0.08 0.1 0.28 
0.562 0.09 0.072 0.276 
0.258 0.602 0.124 0.016 
0.014 0.984 0.002 0.0 
0.99 0.0 0.002 0.008 
0.008 0.098 0.68 0.214 
0.66 0.258 0.064 0.018 
0.032 0.046 0.02 0.902 
0.018 0.032 0.896 0.054 
0.088 0.182 0.282 0.448 

