MEME version 4

ALPHABET= ACGT

Background letter frequencies
A 0.25 C 0.25 G 0.25 T 0.25

MOTIF M08769_2.00 _

letter-probability matrix:
0.244 0.036 0.108 0.612 
0.062 0.05 0.868 0.02 
0.916 0.034 0.026 0.024 
0.12 0.398 0.312 0.17 
0.64 0.074 0.236 0.05 
0.308 0.292 0.222 0.178 
0.534 0.028 0.102 0.336 
0.462 0.094 0.252 0.192 
0.388 0.126 0.304 0.182 
0.16 0.614 0.224 0.002 
0.008 0.988 0.002 0.002 
0.984 0.0 0.0 0.016 
0.022 0.006 0.948 0.024 
0.508 0.052 0.402 0.038 
0.146 0.452 0.266 0.136 
0.218 0.496 0.132 0.154 
0.204 0.44 0.114 0.242 

