MEME version 4

ALPHABET= ACGT

Background letter frequencies
A 0.25 C 0.25 G 0.25 T 0.25

MOTIF M08861_2.00 _

letter-probability matrix:
0.174 0.124 0.43 0.272 
0.134 0.026 0.706 0.134 
0.076 0.18 0.606 0.138 
0.3 0.468 0.03 0.202 
0.112 0.11 0.642 0.136 
0.014 0.942 0.018 0.026 
0.024 0.018 0.01 0.948 
0.044 0.146 0.796 0.014 
0.042 0.028 0.066 0.864 
0.006 0.964 0.006 0.024 
0.004 0.958 0.008 0.03 
0.488 0.086 0.3 0.126 
0.18 0.158 0.11 0.552 
0.044 0.022 0.904 0.03 
0.012 0.03 0.944 0.014 
0.012 0.026 0.014 0.948 
0.076 0.174 0.676 0.074 
0.002 0.938 0.04 0.02 
0.032 0.024 0.028 0.916 
0.048 0.016 0.924 0.012 
0.792 0.038 0.142 0.028 
0.582 0.192 0.084 0.142 

