MEME version 4

ALPHABET= ACGT

Background letter frequencies
A 0.25 C 0.25 G 0.25 T 0.25

MOTIF M08893_2.00 _

letter-probability matrix:
0.098 0.524 0.042 0.336 
0.068 0.558 0.066 0.308 
0.054 0.542 0.022 0.382 
0.122 0.568 0.098 0.212 
0.082 0.272 0.182 0.464 
0.054 0.672 0.124 0.15 
0.112 0.646 0.032 0.21 
0.096 0.584 0.046 0.274 
0.044 0.67 0.08 0.206 
0.022 0.704 0.026 0.248 
0.08 0.012 0.086 0.822 
0.034 0.83 0.118 0.018 
0.07 0.86 0.012 0.058 
0.056 0.584 0.064 0.296 
0.126 0.498 0.112 0.264 
0.05 0.644 0.112 0.194 
0.098 0.5 0.06 0.342 
0.056 0.35 0.088 0.506 
0.074 0.544 0.076 0.306 
0.094 0.548 0.062 0.296 
0.044 0.636 0.108 0.212 
0.138 0.544 0.088 0.23 

