MEME version 4

ALPHABET= ACGT

Background letter frequencies
A 0.25 C 0.25 G 0.25 T 0.25

MOTIF M08852_2.00 _

letter-probability matrix:
0.0846153846153846 0.0807692307692308 0.730769230769231 0.103846153846154 
0.419230769230769 0.0346153846153846 0.0269230769230769 0.519230769230769 
0.0269230769230769 0.0615384615384615 0.0269230769230769 0.884615384615385 
0.276923076923077 0.138461538461538 0.557692307692308 0.0269230769230769 
0.473076923076923 0.330769230769231 0.0230769230769231 0.173076923076923 
0.00769230769230769 0.0653846153846154 0.123076923076923 0.803846153846154 
0.0153846153846154 0.00384615384615385 0.0115384615384615 0.969230769230769 
0.00384615384615385 0.465384615384615 0.523076923076923 0.00769230769230769 
0.00384615384615385 0.953846153846154 0.0 0.0423076923076923 
0.907692307692308 0.0269230769230769 0.0384615384615385 0.0269230769230769 
0.0115384615384615 0.0192307692307692 0.353846153846154 0.615384615384615 
0.0115384615384615 0.361538461538462 0.00769230769230769 0.619230769230769 
0.0192307692307692 0.865384615384615 0.00769230769230769 0.107692307692308 
0.303846153846154 0.276923076923077 0.342307692307692 0.0769230769230769 
0.884615384615385 0.0423076923076923 0.0346153846153846 0.0384615384615385 
0.303846153846154 0.192307692307692 0.173076923076923 0.330769230769231 
0.180769230769231 0.05 0.0423076923076923 0.726923076923077 
0.0538461538461538 0.588461538461538 0.334615384615385 0.0230769230769231 
0.153846153846154 0.807692307692308 0.0153846153846154 0.0230769230769231 
0.761538461538461 0.207692307692308 0.00384615384615385 0.0269230769230769 
0.188461538461538 0.0615384615384615 0.0192307692307692 0.730769230769231 
0.0153846153846154 0.134615384615385 0.173076923076923 0.676923076923077 
0.180769230769231 0.661538461538462 0.0192307692307692 0.138461538461538 
0.0269230769230769 0.342307692307692 0.476923076923077 0.153846153846154 

