MEME version 4

ALPHABET= ACGT

Background letter frequencies
A 0.25 C 0.25 G 0.25 T 0.25

MOTIF M08869_2.00 _

letter-probability matrix:
0.044 0.316 0.268 0.372 
0.366 0.116 0.422 0.096 
0.036 0.326 0.562 0.076 
0.006 0.584 0.014 0.396 
0.044 0.012 0.876 0.068 
0.064 0.86 0.026 0.05 
0.002 0.984 0.002 0.012 
0.36 0.588 0.026 0.026 
0.002 0.612 0.0 0.386 
0.004 0.992 0.002 0.002 
0.022 0.054 0.018 0.906 
0.234 0.074 0.594 0.098 
0.01 0.322 0.652 0.016 
0.052 0.242 0.006 0.7 
0.0 0.002 0.996 0.002 
0.04 0.036 0.856 0.068 
0.104 0.554 0.084 0.258 
0.158 0.522 0.168 0.152 
0.42 0.126 0.36 0.094 

