MEME version 4

ALPHABET= ACGT

Background letter frequencies
A 0.25 C 0.25 G 0.25 T 0.25

MOTIF M08807_2.00 _

letter-probability matrix:
0.212 0.234 0.152 0.402 
0.156 0.146 0.236 0.462 
0.11 0.218 0.512 0.16 
0.158 0.576 0.072 0.194 
0.26 0.154 0.112 0.474 
0.226 0.12 0.412 0.242 
0.49 0.154 0.118 0.238 
0.124 0.328 0.446 0.102 
0.026 0.068 0.024 0.882 
0.074 0.902 0.006 0.018 
0.918 0.012 0.006 0.064 
0.014 0.006 0.856 0.124 
0.008 0.96 0.014 0.018 
0.824 0.026 0.04 0.11 
0.264 0.27 0.312 0.154 
0.402 0.118 0.088 0.392 
0.25 0.078 0.084 0.588 
0.186 0.202 0.142 0.47 
0.124 0.334 0.236 0.306 

