MEME version 4

ALPHABET= ACGT

Background letter frequencies
A 0.25 C 0.25 G 0.25 T 0.25

MOTIF M08883_2.00 _

letter-probability matrix:
0.252 0.154 0.454 0.14 
0.122 0.058 0.194 0.626 
0.044 0.098 0.84 0.018 
0.0165 0.8845 0.0725 0.0265 
0.0865 0.0525 0.0205 0.8405 
0.0145 0.0065 0.9245 0.0545 
0.0105 0.7645 0.0745 0.1505 
0.0125 0.9505 0.0125 0.0245 
0.0305 0.7845 0.0025 0.1825 
0.5385 0.0345 0.2385 0.1885 
0.5245 0.0345 0.3365 0.1045 
0.0645 0.1805 0.0325 0.7225 
0.0765 0.1765 0.1245 0.6225 
0.1425 0.6165 0.1825 0.0585 
0.6565 0.2365 0.0345 0.0725 
0.0205 0.0125 0.0105 0.9565 
0.2065 0.0145 0.7345 0.0445 
0.7445 0.0665 0.1345 0.0545 
0.5565 0.1905 0.1185 0.1345 
0.2985 0.0625 0.0605 0.5785 

