MEME version 4

ALPHABET= ACGT

Background letter frequencies
A 0.25 C 0.25 G 0.25 T 0.25

MOTIF M08829_2.00 _

letter-probability matrix:
0.254 0.412 0.204 0.13 
0.232 0.102 0.044 0.622 
0.034 0.294 0.534 0.138 
0.876 0.008 0.022 0.094 
0.004 0.304 0.598 0.094 
0.012 0.01 0.004 0.974 
0.07 0.894 0.032 0.004 
0.99 0.002 0.002 0.006 
0.184 0.046 0.122 0.648 
0.388 0.174 0.038 0.4 
0.182 0.198 0.138 0.482 
0.158 0.372 0.166 0.304 
0.246 0.1 0.454 0.2 
0.468 0.104 0.294 0.134 
0.386 0.118 0.348 0.148 
0.682 0.156 0.074 0.088 
0.17 0.398 0.262 0.17 
0.25 0.29 0.064 0.396 

