MEME version 4

ALPHABET= ACGT

Background letter frequencies
A 0.25 C 0.25 G 0.25 T 0.25

MOTIF M08898_2.00 _

letter-probability matrix:
0.257575757575758 0.204545454545455 0.117424242424242 0.420454545454545 
0.208333333333333 0.545454545454545 0.0984848484848485 0.147727272727273 
0.306818181818182 0.511363636363636 0.102272727272727 0.0795454545454545 
0.303030303030303 0.0606060606060606 0.0303030303030303 0.606060606060606 
0.00757575757575758 0.132575757575758 0.0606060606060606 0.799242424242424 
0.0378787878787879 0.257575757575758 0.200757575757576 0.503787878787879 
0.0871212121212121 0.329545454545455 0.0643939393939394 0.518939393939394 
0.0227272727272727 0.0946969696969697 0.253787878787879 0.628787878787879 
0.386363636363636 0.0568181818181818 0.507575757575758 0.0492424242424242 
0.5 0.0189393939393939 0.21969696969697 0.261363636363636 
0.0265151515151515 0.0113636363636364 0.651515151515151 0.310606060606061 
0.0378787878787879 0.424242424242424 0.496212121212121 0.0416666666666667 
0.291666666666667 0.549242424242424 0.102272727272727 0.0568181818181818 
0.34469696969697 0.359848484848485 0.0303030303030303 0.265151515151515 
0.102272727272727 0.272727272727273 0.178030303030303 0.446969696969697 
0.0303030303030303 0.0757575757575758 0.0606060606060606 0.833333333333333 
0.00757575757575758 0.28030303030303 0.053030303030303 0.659090909090909 
0.15530303030303 0.166666666666667 0.65530303030303 0.0227272727272727 
0.814393939393939 0.071969696969697 0.0454545454545455 0.0681818181818182 
0.053030303030303 0.0303030303030303 0.109848484848485 0.806818181818182 
0.0984848484848485 0.0757575757575758 0.640151515151515 0.185606060606061 
0.632575757575758 0.128787878787879 0.0681818181818182 0.170454545454545 

