MEME version 4

ALPHABET= ACGT

Background letter frequencies
A 0.25 C 0.25 G 0.25 T 0.25

MOTIF M08817_2.00 _

letter-probability matrix:
0.430839002267574 0.188208616780045 0.117913832199547 0.263038548752835 
0.378684807256236 0.111111111111111 0.283446712018141 0.226757369614513 
0.258503401360544 0.145124716553288 0.133786848072562 0.462585034013606 
0.0680272108843537 0.138321995464853 0.752834467120182 0.0408163265306123 
0.35374149659864 0.523809523809524 0.0816326530612245 0.0408163265306123 
0.0385487528344671 0.0793650793650794 0.00453514739229025 0.877551020408163 
0.0634920634920635 0.0158730158730159 0.834467120181406 0.0861678004535148 
0.904761904761905 0.0113378684807256 0.0498866213151928 0.0340136054421769 
0.0340136054421769 0.650793650793651 0.303854875283447 0.0113378684807256 
0.0272108843537415 0.0 0.0204081632653061 0.952380952380953 
0.0204081632653061 0.968253968253968 0.0113378684807256 0.0 
0.959183673469388 0.0 0.018140589569161 0.0226757369614513 
0.0 0.00226757369614513 0.99546485260771 0.00226757369614513 
0.0 0.997732426303855 0.0 0.00226757369614513 
0.895691609977324 0.00226757369614513 0.054421768707483 0.0476190476190476 
0.283446712018141 0.1859410430839 0.383219954648526 0.147392290249433 
0.35827664399093 0.104308390022676 0.120181405895692 0.417233560090703 
0.342403628117914 0.0589569160997733 0.0430839002267574 0.555555555555556 
0.326530612244898 0.183673469387755 0.0612244897959184 0.428571428571429 
0.260770975056689 0.297052154195011 0.0929705215419501 0.349206349206349 

