MEME version 4

ALPHABET= ACGT

Background letter frequencies
A 0.25 C 0.25 G 0.25 T 0.25

MOTIF M08884_2.00 _

letter-probability matrix:
0.136 0.562 0.048 0.254 
0.082 0.502 0.074 0.342 
0.108 0.782 0.034 0.076 
0.062 0.874 0.006 0.058 
0.346 0.022 0.282 0.35 
0.02 0.916 0.04 0.024 
0.06 0.89 0.014 0.036 
0.018 0.794 0.006 0.182 
0.486 0.462 0.012 0.04 
0.014 0.93 0.022 0.034 
0.396 0.044 0.19 0.37 
0.056 0.766 0.102 0.076 
0.296 0.45 0.104 0.15 
0.07 0.506 0.104 0.32 
0.176 0.502 0.068 0.254 
0.076 0.622 0.074 0.228 
0.198 0.412 0.096 0.294 
0.098 0.612 0.074 0.216 

