MEME version 4

ALPHABET= ACGT

Background letter frequencies
A 0.25 C 0.25 G 0.25 T 0.25

MOTIF M08925_2.00 _

letter-probability matrix:
0.1285140562249 0.331325301204819 0.204819277108434 0.335341365461847 
0.0200803212851406 0.142570281124498 0.0502008032128514 0.78714859437751 
0.0662650602409639 0.865461847389558 0.0321285140562249 0.036144578313253 
0.0120481927710843 0.154618473895582 0.0261044176706827 0.807228915662651 
0.0140562248995984 0.961847389558233 0.00602409638554217 0.0180722891566265 
0.0441767068273092 0.0100401606425703 0.92570281124498 0.0200803212851406 
0.0160642570281125 0.929718875502008 0.00803212851405623 0.0461847389558233 
0.0140562248995984 0.0220883534136546 0.949799196787149 0.0140562248995984 
0.606425702811245 0.130522088353414 0.168674698795181 0.0943775100401607 
0.0240963855421687 0.0943775100401607 0.592369477911647 0.289156626506024 
0.497991967871486 0.160642570281125 0.259036144578313 0.0823293172690763 
0.120481927710843 0.323293172690763 0.136546184738956 0.419678714859438 
0.0180722891566265 0.3714859437751 0.102409638554217 0.508032128514056 
0.13855421686747 0.206827309236948 0.126506024096386 0.528112449799197 
0.0763052208835342 0.375502008032129 0.41566265060241 0.132530120481928 

