MEME version 4

ALPHABET= ACGT

Background letter frequencies
A 0.25 C 0.25 G 0.25 T 0.25

MOTIF M08912_2.00 _

letter-probability matrix:
0.172506738544474 0.164420485175202 0.132075471698113 0.53099730458221 
0.169811320754717 0.466307277628032 0.272237196765499 0.091644204851752 
0.773584905660378 0.0161725067385445 0.175202156334232 0.0350404312668464 
0.032345013477089 0.00539083557951483 0.951482479784367 0.0107816711590297 
0.69811320754717 0.1455525606469 0.150943396226415 0.00539083557951483 
0.827493261455526 0.0215633423180593 0.129380053908356 0.0215633423180593 
0.811320754716981 0.0215633423180593 0.1455525606469 0.0215633423180593 
0.0215633423180593 0.0646900269541779 0.0269541778975741 0.886792452830189 
0.0107816711590297 0.00808625336927224 0.835579514824798 0.1455525606469 
0.339622641509434 0.078167115902965 0.536388140161725 0.045822102425876 
0.0215633423180593 0.970350404312669 0.00539083557951483 0.00269541778975741 
0.00808625336927224 0.0646900269541779 0.0134770889487871 0.913746630727763 
0.00539083557951483 0.00808625336927224 0.0134770889487871 0.973045822102426 
0.0 0.93800539083558 0.00269541778975741 0.0592991913746631 
0.00269541778975741 0.948787061994609 0.00269541778975741 0.045822102425876 
0.0754716981132076 0.730458221024259 0.0269541778975741 0.16711590296496 
0.0566037735849057 0.175202156334232 0.0539083557951483 0.714285714285714 
0.113207547169811 0.153638814016173 0.455525606469003 0.277628032345014 
0.177897574123989 0.177897574123989 0.439353099730458 0.204851752021563 
0.161725067385445 0.161725067385445 0.471698113207547 0.204851752021563 

