MEME version 4

ALPHABET= ACGT

Background letter frequencies
A 0.25 C 0.25 G 0.25 T 0.25

MOTIF M08935_2.00 _

letter-probability matrix:
0.0357142857142857 0.846638655462185 0.0483193277310924 0.069327731092437 
0.0126050420168067 0.915966386554622 0.00630252100840336 0.0651260504201681 
0.0294117647058824 0.0210084033613445 0.235294117647059 0.714285714285714 
0.0189075630252101 0.957983193277311 0.00420168067226891 0.0189075630252101 
0.0126050420168067 0.859243697478992 0.00840336134453782 0.119747899159664 
0.0588235294117647 0.0882352941176471 0.310924369747899 0.542016806722689 
0.00840336134453782 0.957983193277311 0.00840336134453782 0.0252100840336134 
0.00840336134453782 0.903361344537815 0.00420168067226891 0.0840336134453782 
0.254201680672269 0.546218487394958 0.0630252100840336 0.13655462184874 
0.023109243697479 0.100840336134454 0.0147058823529412 0.861344537815126 
0.00420168067226891 0.926470588235294 0.00840336134453782 0.0609243697478992 
0.407563025210084 0.092436974789916 0.180672268907563 0.319327731092437 
0.0630252100840336 0.180672268907563 0.632352941176471 0.123949579831933 
0.451680672268908 0.262605042016807 0.151260504201681 0.134453781512605 
0.0546218487394958 0.642857142857143 0.113445378151261 0.189075630252101 
0.157563025210084 0.436974789915966 0.100840336134454 0.304621848739496 

