MEME version 4

ALPHABET= ACGT

Background letter frequencies
A 0.25 C 0.25 G 0.25 T 0.25

MOTIF M08988_2.00 _

letter-probability matrix:
0.066 0.562 0.098 0.274 
0.108 0.43 0.106 0.356 
0.076 0.446 0.204 0.274 
0.122 0.556 0.062 0.26 
0.08 0.456 0.134 0.33 
0.058 0.57 0.072 0.3 
0.044 0.512 0.078 0.366 
0.042 0.648 0.12 0.19 
0.058 0.554 0.054 0.334 
0.088 0.698 0.04 0.174 
0.216 0.332 0.134 0.318 
0.028 0.656 0.202 0.114 
0.04 0.68 0.008 0.272 
0.034 0.666 0.034 0.266 
0.014 0.852 0.02 0.114 
0.03 0.906 0.01 0.054 
0.238 0.026 0.088 0.648 
0.01 0.826 0.112 0.052 
0.034 0.866 0.018 0.082 
0.012 0.674 0.012 0.302 
0.04 0.652 0.024 0.284 
0.136 0.504 0.144 0.216 

