MEME version 4

ALPHABET= ACGT

Background letter frequencies
A 0.25 C 0.25 G 0.25 T 0.25

MOTIF M08940_2.00 _

letter-probability matrix:
0.18640350877193 0.368421052631579 0.149122807017544 0.296052631578947 
0.210526315789474 0.0460526315789474 0.642543859649123 0.100877192982456 
0.0482456140350877 0.100877192982456 0.728070175438597 0.12280701754386 
0.00219298245614035 0.986842105263158 0.0043859649122807 0.00657894736842105 
0.00219298245614035 0.00219298245614035 0.00657894736842105 0.989035087719298 
0.00219298245614035 0.99780701754386 0.0 0.0 
0.0482456140350877 0.723684210526316 0.0131578947368421 0.214912280701754 
0.870614035087719 0.0153508771929825 0.0899122807017544 0.0241228070175439 
0.0043859649122807 0.043859649122807 0.559210526315789 0.392543859649123 
0.12719298245614 0.692982456140351 0.142543859649123 0.037280701754386 
0.416666666666667 0.0526315789473684 0.206140350877193 0.324561403508772 
0.0197368421052632 0.68640350877193 0.0635964912280702 0.230263157894737 
0.120614035087719 0.75 0.0394736842105263 0.0899122807017544 

