MEME version 4

ALPHABET= ACGT

Background letter frequencies
A 0.25 C 0.25 G 0.25 T 0.25

MOTIF M08934_2.00 _

letter-probability matrix:
0.0557103064066852 0.0250696378830084 0.835654596100279 0.0835654596100279 
0.00835654596100279 0.947075208913649 0.00557103064066852 0.0389972144846797 
0.011142061281337 0.0612813370473538 0.00557103064066852 0.922005571030641 
0.103064066852368 0.0194986072423398 0.871866295264624 0.00557103064066852 
0.00835654596100279 0.0250696378830084 0.0222841225626741 0.944289693593315 
0.537604456824513 0.00557103064066852 0.420612813370474 0.0362116991643454 
0.011142061281337 0.930362116991644 0.0417827298050139 0.0167130919220056 
0.00557103064066852 0.983286908077995 0.00278551532033426 0.00835654596100279 
0.0222841225626741 0.0417827298050139 0.0 0.935933147632312 
0.275766016713092 0.259052924791086 0.311977715877437 0.153203342618384 
0.142061281337047 0.545961002785515 0.0362116991643454 0.275766016713092 
0.0306406685236769 0.236768802228412 0.0835654596100279 0.649025069637883 
0.0807799442896936 0.15041782729805 0.16991643454039 0.598885793871866 
0.465181058495822 0.200557103064067 0.13091922005571 0.203342618384401 
0.119777158774373 0.245125348189415 0.0752089136490251 0.559888579387187 
0.13091922005571 0.119777158774373 0.167130919220056 0.582172701949861 
0.49025069637883 0.108635097493036 0.18941504178273 0.211699164345404 
0.114206128133705 0.15041782729805 0.498607242339833 0.236768802228412 
0.125348189415042 0.220055710306407 0.448467966573816 0.206128133704735 
0.116991643454039 0.579387186629527 0.133704735376045 0.16991643454039 

