MEME version 4

ALPHABET= ACGT

Background letter frequencies
A 0.25 C 0.25 G 0.25 T 0.25

MOTIF M08957_2.00 _

letter-probability matrix:
0.0485 0.7065 0.1325 0.1125 
0.0325 0.8505 0.0805 0.0365 
0.2405 0.1385 0.1065 0.5145 
0.0145 0.0565 0.2025 0.7265 
0.0365 0.8205 0.0105 0.1325 
0.6785 0.1885 0.0765 0.0565 
0.4385 0.4285 0.0845 0.0485 
0.0805 0.9025 0.0065 0.0105 
0.0105 0.0345 0.0125 0.9425 
0.0305 0.0305 0.9305 0.0085 
0.7365 0.2225 0.0285 0.0125 
0.0125 0.0445 0.0105 0.9325 
0.0665 0.0685 0.3445 0.5205 
0.6165 0.0465 0.2885 0.0485 
0.1645 0.0825 0.6025 0.1505 
0.2745 0.0985 0.3885 0.2385 
0.1285 0.2965 0.1785 0.3965 
0.178 0.32 0.358 0.144 
0.58 0.15 0.112 0.158 
0.096 0.156 0.526 0.222 
0.15 0.124 0.562 0.164 
0.138 0.642 0.124 0.096 

