MEME version 4

ALPHABET= ACGT

Background letter frequencies
A 0.25 C 0.25 G 0.25 T 0.25

MOTIF M08967_2.00 _

letter-probability matrix:
0.076 0.582 0.21 0.132 
0.09 0.532 0.144 0.234 
0.072 0.128 0.442 0.358 
0.008 0.87 0.044 0.078 
0.034 0.822 0.004 0.14 
0.012 0.932 0.016 0.04 
0.028 0.844 0.006 0.122 
0.06 0.012 0.292 0.636 
0.002 0.98 0.004 0.014 
0.018 0.884 0.014 0.084 
0.034 0.776 0.028 0.162 
0.052 0.818 0.052 0.078 
0.024 0.902 0.03 0.044 
0.322 0.158 0.22 0.3 
0.09 0.674 0.152 0.084 
0.09 0.586 0.146 0.178 
0.05 0.456 0.316 0.178 
0.072 0.548 0.218 0.162 
0.082 0.552 0.266 0.1 

