MEME version 4

ALPHABET= ACGT

Background letter frequencies
A 0.25 C 0.25 G 0.25 T 0.25

MOTIF M08955_2.00 _

letter-probability matrix:
0.179591836734694 0.222448979591837 0.495918367346939 0.102040816326531 
0.516326530612245 0.255102040816327 0.138775510204082 0.0897959183673469 
0.0755102040816327 0.169387755102041 0.189795918367347 0.56530612244898 
0.0244897959183673 0.661224489795919 0.1 0.214285714285714 
0.0183673469387755 0.844897959183674 0.0448979591836735 0.0918367346938776 
0.0775510204081633 0.226530612244898 0.0469387755102041 0.648979591836735 
0.0326530612244898 0.712244897959184 0.0938775510204082 0.161224489795918 
0.0428571428571429 0.755102040816327 0.0959183673469388 0.106122448979592 
0.120408163265306 0.479591836734694 0.0714285714285714 0.328571428571429 
0.224489795918367 0.204081632653061 0.402040816326531 0.169387755102041 
0.0755102040816327 0.642857142857143 0.0897959183673469 0.191836734693878 
0.0306122448979592 0.763265306122449 0.0591836734693878 0.146938775510204 
0.0428571428571429 0.244897959183673 0.0714285714285714 0.640816326530612 
0.0204081632653061 0.781632653061225 0.0816326530612245 0.116326530612245 
0.542857142857143 0.0448979591836735 0.287755102040816 0.124489795918367 
0.026530612244898 0.0571428571428571 0.875510204081633 0.0408163265306123 
0.0122448979591837 0.946938775510204 0.0122448979591837 0.0285714285714286 
0.0102040816326531 0.957142857142857 0.0 0.0326530612244898 
0.0102040816326531 0.0428571428571429 0.00612244897959184 0.940816326530612 
0.00204081632653061 0.928571428571429 0.0224489795918367 0.0469387755102041 
0.0122448979591837 0.836734693877551 0.0244897959183673 0.126530612244898 
0.148979591836735 0.528571428571429 0.0959183673469388 0.226530612244898 

