MEME version 4

ALPHABET= ACGT

Background letter frequencies
A 0.25 C 0.25 G 0.25 T 0.25

MOTIF M08964_2.00 _

letter-probability matrix:
0.098 0.07 0.682 0.15 
0.174 0.722 0.04 0.064 
0.102 0.816 0.008 0.074 
0.538 0.434 0.006 0.022 
0.016 0.878 0.01 0.096 
0.636 0.016 0.232 0.116 
0.014 0.884 0.044 0.058 
0.08 0.892 0.0 0.028 
0.004 0.886 0.004 0.106 
0.482 0.158 0.018 0.342 
0.038 0.47 0.236 0.256 
0.126 0.292 0.12 0.462 
0.088 0.42 0.206 0.286 
0.084 0.47 0.184 0.262 
0.344 0.342 0.144 0.17 

