MEME version 4

ALPHABET= ACGT

Background letter frequencies
A 0.25 C 0.25 G 0.25 T 0.25

MOTIF M08983_2.00 _

letter-probability matrix:
0.171957671957672 0.0952380952380953 0.439153439153439 0.293650793650794 
0.0846560846560847 0.0317460317460318 0.777777777777778 0.105820105820106 
0.0555555555555556 0.169312169312169 0.613756613756614 0.161375661375661 
0.301587301587302 0.470899470899471 0.0185185185185185 0.208994708994709 
0.0767195767195767 0.0687830687830688 0.732804232804233 0.121693121693122 
0.0 0.986772486772487 0.0 0.0132275132275132 
0.00264550264550265 0.00529100529100529 0.00264550264550265 0.98941798941799 
0.0158730158730159 0.0978835978835979 0.883597883597884 0.00264550264550265 
0.0105820105820106 0.00529100529100529 0.0396825396825397 0.944444444444445 
0.0 0.997354497354498 0.0 0.00264550264550265 
0.0 0.994708994708995 0.0 0.00529100529100529 
0.515873015873016 0.0423280423280423 0.288359788359788 0.153439153439153 
0.174603174603175 0.150793650793651 0.0952380952380953 0.579365079365079 
0.0423280423280423 0.0132275132275132 0.941798941798942 0.00264550264550265 
0.00529100529100529 0.00264550264550265 0.992063492063492 0.0 
0.00264550264550265 0.0105820105820106 0.00264550264550265 0.984126984126984 
0.132275132275132 0.195767195767196 0.616402116402117 0.0555555555555556 
0.0211640211640212 0.891534391534392 0.0687830687830688 0.0185185185185185 
0.0105820105820106 0.0952380952380953 0.0185185185185185 0.875661375661376 
0.0873015873015873 0.0264550264550265 0.833333333333333 0.0529100529100529 
0.687830687830688 0.0873015873015873 0.195767195767196 0.0291005291005291 
0.476190476190476 0.275132275132275 0.103174603174603 0.145502645502646 

