MEME version 4

ALPHABET= ACGT

Background letter frequencies
A 0.25 C 0.25 G 0.25 T 0.25

MOTIF M08998_2.00 _

letter-probability matrix:
0.29126213592233 0.0194174757281553 0.58252427184466 0.106796116504854 
0.058252427184466 0.0776699029126214 0.757281553398058 0.106796116504854 
0.0776699029126214 0.621359223300971 0.16504854368932 0.135922330097087 
0.0194174757281553 0.213592233009709 0.0194174757281553 0.747572815533981 
0.00970873786407767 0.0388349514563107 0.844660194174757 0.106796116504854 
0.0485436893203883 0.339805825242718 0.0970873786407767 0.514563106796116 
0.00970873786407767 0.912621359223301 0.029126213592233 0.0485436893203883 
0.00970873786407767 0.58252427184466 0.0194174757281553 0.388349514563107 
0.194174757281553 0.184466019417476 0.29126213592233 0.330097087378641 
0.145631067961165 0.349514563106796 0.223300970873786 0.281553398058252 
0.271844660194175 0.213592233009709 0.349514563106796 0.16504854368932 
0.106796116504854 0.271844660194175 0.495145631067961 0.12621359223301 
0.233009708737864 0.543689320388349 0.058252427184466 0.16504854368932 
0.184466019417476 0.0776699029126214 0.475728155339806 0.262135922330097 
0.271844660194175 0.446601941747573 0.155339805825243 0.12621359223301 
0.029126213592233 0.135922330097087 0.0 0.83495145631068 
0.0194174757281553 0.0388349514563107 0.815533980582524 0.12621359223301 
0.0194174757281553 0.87378640776699 0.00970873786407767 0.0970873786407767 
0.0388349514563107 0.922330097087379 0.0 0.0388349514563107 
0.0388349514563107 0.0485436893203883 0.0485436893203883 0.864077669902913 
0.0970873786407767 0.106796116504854 0.699029126213592 0.0970873786407767 
0.475728155339806 0.155339805825243 0.0388349514563107 0.330097087378641 

