MEME version 4

ALPHABET= ACGT

Background letter frequencies
A 0.25 C 0.25 G 0.25 T 0.25

MOTIF M08972_2.00 _

letter-probability matrix:
0.18 0.216 0.178 0.426 
0.208 0.144 0.44 0.208 
0.182 0.626 0.086 0.106 
0.144 0.126 0.054 0.676 
0.048 0.316 0.068 0.568 
0.04 0.044 0.012 0.904 
0.004 0.876 0.008 0.112 
0.038 0.524 0.046 0.392 
0.956 0.02 0.016 0.008 
0.13 0.004 0.812 0.054 
0.028 0.066 0.838 0.068 
0.672 0.096 0.136 0.096 
0.776 0.072 0.026 0.126 

