MEME version 4

ALPHABET= ACGT

Background letter frequencies
A 0.25 C 0.25 G 0.25 T 0.25

MOTIF M09001_2.00 _

letter-probability matrix:
0.174 0.46 0.206 0.16 
0.42 0.264 0.114 0.202 
0.434 0.058 0.406 0.102 
0.086 0.08 0.798 0.036 
0.064 0.034 0.682 0.22 
0.076 0.052 0.332 0.54 
0.036 0.858 0.022 0.084 
0.052 0.212 0.014 0.722 
0.0 0.866 0.056 0.078 
0.014 0.02 0.002 0.964 
0.868 0.058 0.024 0.05 
0.59 0.226 0.05 0.134 
0.048 0.7 0.166 0.086 
0.282 0.39 0.034 0.294 
0.17 0.418 0.086 0.326 
0.162 0.276 0.174 0.388 

