MEME version 4

ALPHABET= ACGT

Background letter frequencies
A 0.25 C 0.25 G 0.25 T 0.25

MOTIF M09055_2.00 _

letter-probability matrix:
0.209255533199195 0.227364185110664 0.440643863179074 0.122736418511066 
0.3158953722334 0.148893360160966 0.432595573440644 0.10261569416499 
0.446680080482897 0.0865191146881288 0.374245472837022 0.0925553319919517 
0.201207243460765 0.0543259557344064 0.653923541247485 0.0905432595573441 
0.299798792756539 0.0362173038229376 0.635814889336016 0.028169014084507 
0.422535211267606 0.388329979879276 0.183098591549296 0.00603621730382294 
0.915492957746479 0.03420523138833 0.0402414486921529 0.0100603621730382 
0.00402414486921529 0.00402414486921529 0.981891348088531 0.0100603621730382 
0.00201207243460765 0.0120724346076459 0.985915492957746 0.0 
0.937625754527163 0.0181086519114688 0.0442655935613682 0.0 
0.957746478873239 0.00201207243460765 0.0261569416498994 0.0140845070422535 
0.146881287726358 0.028169014084507 0.822937625754527 0.00201207243460765 
0.134808853118712 0.17102615694165 0.501006036217304 0.193158953722334 
0.41046277665996 0.124748490945674 0.402414486921529 0.062374245472837 
0.394366197183099 0.0764587525150906 0.474849094567404 0.0543259557344064 
0.301810865191147 0.120724346076459 0.509054325955734 0.06841046277666 
0.241448692152918 0.150905432595573 0.529175050301811 0.0784708249496982 
0.388329979879276 0.130784708249497 0.364185110663984 0.116700201207243 

