MEME version 4

ALPHABET= ACGT

Background letter frequencies
A 0.25 C 0.25 G 0.25 T 0.25

MOTIF M09091_2.00 _

letter-probability matrix:
0.334 0.176 0.264 0.226 
0.25 0.052 0.692 0.006 
0.32 0.052 0.224 0.404 
0.726 0.222 0.04 0.012 
0.898 0.062 0.03 0.01 
0.794 0.016 0.186 0.004 
0.016 0.918 0.034 0.032 
0.968 0.014 0.012 0.006 
0.312 0.17 0.478 0.04 
0.234 0.254 0.452 0.06 
0.338 0.256 0.31 0.096 
0.394 0.26 0.16 0.186 

