MEME version 4

ALPHABET= ACGT

Background letter frequencies
A 0.25 C 0.25 G 0.25 T 0.25

MOTIF M09076_2.00 _

letter-probability matrix:
0.314 0.066 0.546 0.074 
0.188 0.062 0.73 0.02 
0.612 0.072 0.288 0.028 
0.906 0.002 0.054 0.038 
0.196 0.186 0.572 0.046 
0.448 0.142 0.396 0.014 
0.878 0.014 0.102 0.006 
0.0 0.006 0.978 0.016 
0.012 0.002 0.986 0.0 
0.992 0.006 0.0 0.002 
0.986 0.004 0.004 0.006 
0.206 0.044 0.738 0.012 
0.446 0.096 0.218 0.24 
0.442 0.09 0.348 0.12 
0.276 0.134 0.502 0.088 
0.416 0.128 0.328 0.128 
0.414 0.134 0.308 0.144 

