MEME version 4

ALPHABET= ACGT

Background letter frequencies
A 0.25 C 0.25 G 0.25 T 0.25

MOTIF M09028_2.00 _

letter-probability matrix:
0.274 0.066 0.336 0.324 
0.06 0.042 0.832 0.066 
0.408 0.338 0.054 0.2 
0.304 0.126 0.08 0.49 
0.886 0.026 0.042 0.046 
0.064 0.848 0.05 0.038 
0.814 0.036 0.022 0.128 
0.736 0.26 0.004 0.0 
0.27 0.026 0.042 0.662 
0.014 0.026 0.95 0.01 
0.044 0.032 0.064 0.86 
0.584 0.028 0.122 0.266 
0.224 0.042 0.434 0.3 
0.074 0.866 0.024 0.036 
0.41 0.296 0.096 0.198 
0.4 0.238 0.242 0.12 

