MEME version 4

ALPHABET= ACGT

Background letter frequencies
A 0.25 C 0.25 G 0.25 T 0.25

MOTIF M09011_2.00 _

letter-probability matrix:
0.192 0.126 0.382 0.3 
0.22 0.144 0.596 0.04 
0.158 0.602 0.122 0.118 
0.096 0.482 0.054 0.368 
0.274 0.386 0.066 0.274 
0.004 0.988 0.002 0.006 
0.056 0.92 0.002 0.022 
0.046 0.164 0.002 0.788 
0.064 0.016 0.908 0.012 
0.004 0.868 0.078 0.05 
0.092 0.02 0.068 0.82 
0.01 0.0 0.984 0.006 
0.414 0.086 0.206 0.294 
0.008 0.068 0.794 0.13 
0.42 0.284 0.076 0.22 

