MEME version 4

ALPHABET= ACGT

Background letter frequencies
A 0.25 C 0.25 G 0.25 T 0.25

MOTIF M09012_2.00 _

letter-probability matrix:
0.357320099255583 0.173697270471464 0.409429280397022 0.0595533498759305 
0.198511166253102 0.168734491315137 0.0446650124069479 0.588089330024814 
0.0694789081885856 0.198511166253102 0.491315136476427 0.240694789081886 
0.00496277915632754 0.905707196029777 0.00248138957816377 0.086848635235732 
0.0347394540942928 0.952853598014888 0.00248138957816377 0.00992555831265509 
0.00496277915632754 0.0372208436724566 0.00248138957816377 0.955334987593052 
0.0446650124069479 0.00496277915632754 0.920595533498759 0.0297766749379653 
0.0272952853598015 0.0124069478908189 0.0694789081885856 0.890818858560794 
0.00992555831265509 0.96029776674938 0.022332506203474 0.00744416873449132 
0.00496277915632754 0.0173697270471464 0.00248138957816377 0.975186104218362 
0.00496277915632754 0.0248138957816377 0.0124069478908189 0.957816377171216 
0.913151364764268 0.0 0.0645161290322581 0.022332506203474 
0.032258064516129 0.0173697270471464 0.937965260545906 0.0124069478908189 
0.0297766749379653 0.0198511166253102 0.945409429280397 0.00496277915632754 
0.126550868486352 0.106699751861042 0.0173697270471464 0.749379652605459 
0.0843672456575683 0.352357320099256 0.0397022332506204 0.523573200992556 
0.166253101736973 0.0744416873449132 0.573200992555831 0.186104218362283 
0.129032258064516 0.133995037220844 0.540942928039702 0.196029776674938 
0.101736972704715 0.210918114143921 0.0645161290322581 0.622828784119107 
0.359801488833747 0.292803970223325 0.258064516129032 0.0893300248138958 
0.248138957816377 0.210918114143921 0.054590570719603 0.486352357320099 
0.0967741935483871 0.439205955334988 0.310173697270472 0.153846153846154 
0.26302729528536 0.200992555831266 0.104218362282878 0.431761786600496 

