MEME version 4

ALPHABET= ACGT

Background letter frequencies
A 0.25 C 0.25 G 0.25 T 0.25

MOTIF M09035_2.00 _

letter-probability matrix:
0.352 0.14 0.398 0.11 
0.268 0.128 0.518 0.086 
0.33 0.11 0.416 0.144 
0.322 0.078 0.428 0.172 
0.096 0.114 0.782 0.008 
0.032 0.01 0.944 0.014 
0.074 0.874 0.014 0.038 
0.046 0.016 0.904 0.034 
0.008 0.046 0.938 0.008 
0.078 0.032 0.878 0.012 
0.832 0.02 0.13 0.018 
0.632 0.188 0.158 0.022 
0.48 0.118 0.254 0.148 
0.31 0.18 0.282 0.228 

