MEME version 4

ALPHABET= ACGT

Background letter frequencies
A 0.25 C 0.25 G 0.25 T 0.25

MOTIF M09004_2.00 _

letter-probability matrix:
0.089588377723971 0.12590799031477 0.716707021791768 0.0677966101694915 
0.50363196125908 0.0847457627118644 0.171912832929782 0.239709443099274 
0.0556900726392252 0.0556900726392252 0.733656174334141 0.154963680387409 
0.164648910411622 0.62953995157385 0.0314769975786925 0.174334140435835 
0.0290556900726392 0.944309927360775 0.00242130750605327 0.0242130750605327 
0.0556900726392252 0.0847457627118644 0.0387409200968523 0.820823244552058 
0.23728813559322 0.0338983050847458 0.685230024213075 0.0435835351089588 
0.0799031476997579 0.397094430992736 0.423728813559322 0.099273607748184 
0.0847457627118644 0.121065375302663 0.101694915254237 0.692493946731235 
0.707021791767555 0.200968523002421 0.0411622276029056 0.0508474576271187 
0.00726392251815981 0.973365617433414 0.00968523002421308 0.00968523002421308 
0.409200968523002 0.0871670702179177 0.174334140435835 0.329297820823245 
0.0242130750605327 0.365617433414044 0.561743341404358 0.0484261501210654 
0.467312348668281 0.0920096852300242 0.101694915254237 0.338983050847458 
0.0387409200968523 0.0290556900726392 0.878934624697337 0.0532687651331719 
0.0435835351089588 0.801452784503632 0.0774818401937046 0.0774818401937046 
0.135593220338983 0.736077481840194 0.0411622276029056 0.0871670702179177 
0.12590799031477 0.101694915254237 0.171912832929782 0.600484261501211 
0.0823244552058112 0.135593220338983 0.63680387409201 0.145278450363196 
0.305084745762712 0.184019370460048 0.387409200968523 0.123486682808717 

