MEME version 4

ALPHABET= ACGT

Background letter frequencies
A 0.25 C 0.25 G 0.25 T 0.25

MOTIF M09197_2.00 _

letter-probability matrix:
0.25 0.018 0.112 0.62 
0.184 0.006 0.702 0.108 
0.822 0.046 0.016 0.116 
0.022 0.01 0.02 0.948 
0.016 0.006 0.022 0.956 
0.084 0.046 0.084 0.786 
0.962 0.014 0.02 0.004 
0.04 0.182 0.038 0.74 
0.17 0.032 0.468 0.33 
0.208 0.054 0.644 0.094 
0.076 0.562 0.16 0.202 
0.194 0.414 0.12 0.272 

