MEME version 4

ALPHABET= ACGT

Background letter frequencies
A 0.25 C 0.25 G 0.25 T 0.25

MOTIF M09178_2.00 _

letter-probability matrix:
0.440881763527054 0.12625250501002 0.25250501002004 0.180360721442886 
0.188376753507014 0.00200400801603206 0.0160320641282565 0.793587174348698 
0.0741482965931864 0.0200400801603206 0.88376753507014 0.0220440881763527 
0.979959919839679 0.00601202404809619 0.00601202404809619 0.00801603206412826 
0.032064128256513 0.0380761523046092 0.0380761523046092 0.891783567134269 
0.128256513026052 0.0100200400801603 0.106212424849699 0.755511022044088 
0.192384769539078 0.032064128256513 0.260521042084168 0.515030060120241 
0.975951903807615 0.00400801603206413 0.0160320641282565 0.00400801603206413 
0.0340681362725451 0.0701402805611223 0.030060120240481 0.865731462925852 
0.154308617234469 0.0440881763527054 0.531062124248497 0.270541082164329 
0.304609218436874 0.0641282565130261 0.444889779559118 0.186372745490982 
0.124248496993988 0.374749498997996 0.256513026052104 0.244488977955912 

