MEME version 4

ALPHABET= ACGT

Background letter frequencies
A 0.25 C 0.25 G 0.25 T 0.25

MOTIF M09127_2.00 _

letter-probability matrix:
0.426530612244898 0.104081632653061 0.312244897959184 0.157142857142857 
0.446938775510204 0.0489795918367347 0.228571428571429 0.275510204081633 
0.0 0.983673469387755 0.0142857142857143 0.00204081632653061 
0.0244897959183673 0.616326530612245 0.0 0.359183673469388 
0.351020408163265 0.0 0.548979591836735 0.1 
0.0 0.0163265306122449 0.983673469387755 0.0 
0.0979591836734694 0.255102040816327 0.0163265306122449 0.630612244897959 
0.0489795918367347 0.195918367346939 0.00408163265306123 0.751020408163265 
0.0244897959183673 0.604081632653061 0.0326530612244898 0.338775510204082 
0.322448979591837 0.289795918367347 0.0959183673469388 0.291836734693878 
0.412244897959184 0.130612244897959 0.320408163265306 0.136734693877551 
0.285714285714286 0.0408163265306123 0.373469387755102 0.3 
0.0 0.942857142857143 0.0428571428571429 0.0142857142857143 
0.0693877551020408 0.579591836734694 0.00204081632653061 0.348979591836735 
0.308163265306122 0.00816326530612245 0.542857142857143 0.140816326530612 
0.00408163265306123 0.0612244897959184 0.93265306122449 0.00204081632653061 
0.161224489795918 0.344897959183674 0.0673469387755102 0.426530612244898 
0.118367346938776 0.204081632653061 0.0755102040816327 0.602040816326531 
0.0918367346938776 0.430612244897959 0.144897959183673 0.33265306122449 

