MEME version 4

ALPHABET= ACGT

Background letter frequencies
A 0.25 C 0.25 G 0.25 T 0.25

MOTIF M09198_2.00 _

letter-probability matrix:
0.340862422997947 0.0410677618069815 0.160164271047228 0.457905544147844 
0.0328542094455852 0.026694045174538 0.91170431211499 0.0287474332648871 
0.482546201232033 0.0677618069815195 0.184804928131417 0.264887063655031 
0.714579055441479 0.158110882956879 0.0841889117043121 0.0431211498973306 
0.841889117043121 0.0102669404517454 0.108829568788501 0.0390143737166325 
0.0574948665297741 0.484599589322382 0.223819301848049 0.234086242299795 
0.229979466119097 0.515400410677618 0.0636550308008214 0.190965092402464 
0.197125256673511 0.139630390143737 0.182751540041068 0.480492813141684 
0.117043121149897 0.193018480492813 0.663244353182752 0.026694045174538 
0.874743326488706 0.0287474332648871 0.0369609856262834 0.0595482546201232 
0.114989733059548 0.340862422997947 0.435318275154004 0.108829568788501 
0.492813141683778 0.254620123203285 0.125256673511294 0.127310061601643 
0.125256673511294 0.476386036960986 0.258726899383984 0.139630390143737 
0.154004106776181 0.406570841889117 0.201232032854209 0.238193018480493 

