MEME version 4

ALPHABET= ACGT

Background letter frequencies
A 0.25 C 0.25 G 0.25 T 0.25

MOTIF M09179_2.00 _

letter-probability matrix:
0.402 0.056 0.344 0.198 
0.164 0.03 0.734 0.072 
0.042 0.056 0.05 0.852 
0.098 0.082 0.072 0.748 
0.938 0.006 0.04 0.016 
0.894 0.058 0.006 0.042 
0.076 0.022 0.004 0.898 
0.394 0.0 0.606 0.0 
0.744 0.026 0.034 0.196 
0.082 0.024 0.11 0.784 
0.012 0.034 0.008 0.946 
0.71 0.068 0.092 0.13 
0.78 0.094 0.078 0.048 
0.082 0.7 0.038 0.18 
0.246 0.284 0.074 0.396 

