MEME version 4

ALPHABET= ACGT

Background letter frequencies
A 0.25 C 0.25 G 0.25 T 0.25

MOTIF M09247_2.00 _

letter-probability matrix:
0.152 0.104 0.384 0.36 
0.144 0.658 0.038 0.16 
0.012 0.436 0.002 0.55 
0.708 0.116 0.036 0.14 
0.772 0.012 0.082 0.134 
0.928 0.01 0.048 0.014 
0.892 0.004 0.002 0.102 
0.926 0.008 0.002 0.064 
0.058 0.008 0.006 0.928 
0.942 0.0 0.056 0.002 
0.198 0.05 0.724 0.028 
0.404 0.388 0.08 0.128 
0.404 0.244 0.078 0.274 

