MEME version 4

ALPHABET= ACGT

Background letter frequencies
A 0.25 C 0.25 G 0.25 T 0.25

MOTIF M09251_2.00 _

letter-probability matrix:
0.13 0.696 0.052 0.122 
0.04 0.488 0.0 0.472 
0.634 0.14 0.056 0.17 
0.7 0.048 0.118 0.134 
0.902 0.014 0.048 0.036 
0.914 0.004 0.006 0.076 
0.868 0.006 0.02 0.106 
0.08 0.032 0.026 0.862 
0.908 0.002 0.088 0.002 
0.14 0.04 0.772 0.048 
0.354 0.374 0.104 0.168 
0.488 0.272 0.036 0.204 
0.444 0.252 0.11 0.194 
0.214 0.414 0.118 0.254 

