MEME version 4

ALPHABET= ACGT

Background letter frequencies
A 0.25 C 0.25 G 0.25 T 0.25

MOTIF M09270_2.00 _

letter-probability matrix:
0.446 0.026 0.352 0.176 
0.084 0.006 0.848 0.062 
0.362 0.182 0.266 0.19 
0.886 0.024 0.038 0.052 
0.01 0.954 0.022 0.014 
0.73 0.036 0.054 0.18 
0.096 0.218 0.284 0.402 
0.0 0.0 0.368 0.632 
0.192 0.352 0.298 0.158 
0.12 0.09 0.028 0.762 
0.014 0.026 0.948 0.012 
0.048 0.028 0.026 0.898 
0.182 0.218 0.156 0.444 
0.06 0.838 0.01 0.092 
0.13 0.354 0.046 0.47 

