MEME version 4

ALPHABET= ACGT

Background letter frequencies
A 0.25 C 0.25 G 0.25 T 0.25

MOTIF M09200_2.00 _

letter-probability matrix:
0.614457831325301 0.132530120481928 0.124497991967871 0.1285140562249 
0.182730923694779 0.238955823293173 0.160642570281125 0.417670682730924 
0.273092369477912 0.0602409638554217 0.072289156626506 0.594377510040161 
0.576305220883534 0.0783132530120482 0.210843373493976 0.134538152610442 
0.933734939759036 0.0120481927710843 0.0281124497991968 0.0261044176706827 
0.0542168674698795 0.0240963855421687 0.120481927710843 0.801204819277109 
0.0582329317269076 0.0763052208835342 0.502008032128514 0.363453815261044 
0.224899598393574 0.0622489959839357 0.433734939759036 0.279116465863454 
0.160642570281125 0.299196787148594 0.401606425702811 0.13855421686747 
0.345381526104418 0.265060240963855 0.120481927710843 0.269076305220884 
0.413654618473896 0.0522088353413655 0.0682730923694779 0.465863453815261 
0.295180722891566 0.0522088353413655 0.070281124497992 0.582329317269076 
0.226907630522088 0.0502008032128514 0.0401606425702811 0.682730923694779 
0.102409638554217 0.0843373493975904 0.0421686746987952 0.771084337349398 
0.602409638554217 0.132530120481928 0.226907630522088 0.0381526104417671 
0.955823293172691 0.0180722891566265 0.0100401606425703 0.0160642570281125 
0.116465863453815 0.0180722891566265 0.0883534136546185 0.77710843373494 
0.186746987951807 0.0281124497991968 0.367469879518072 0.417670682730924 
0.431726907630522 0.0883534136546185 0.3714859437751 0.108433734939759 

