MEME version 4

ALPHABET= ACGT

Background letter frequencies
A 0.25 C 0.25 G 0.25 T 0.25

MOTIF M09243_2.00 _

letter-probability matrix:
0.372 0.136 0.336 0.156 
0.578 0.092 0.144 0.186 
0.648 0.07 0.142 0.14 
0.608 0.036 0.13 0.226 
0.272 0.152 0.51 0.066 
0.498 0.164 0.29 0.048 
0.284 0.012 0.678 0.026 
0.146 0.022 0.82 0.012 
0.972 0.002 0.016 0.01 
0.912 0.026 0.016 0.046 
0.15 0.424 0.402 0.024 
0.098 0.06 0.016 0.826 
0.034 0.002 0.952 0.012 
0.844 0.01 0.104 0.042 
0.578 0.052 0.332 0.038 
0.826 0.056 0.046 0.072 
0.214 0.456 0.284 0.046 
0.248 0.276 0.104 0.372 

