MEME version 4

ALPHABET= ACGT

Background letter frequencies
A 0.25 C 0.25 G 0.25 T 0.25

MOTIF M09263_2.00 _

letter-probability matrix:
0.0909090909090909 0.771618625277162 0.0643015521064302 0.0731707317073171 
0.113082039911308 0.809312638580931 0.00665188470066519 0.0709534368070954 
0.0842572062084257 0.305986696230599 0.290465631929047 0.319290465631929 
0.186252771618625 0.47450110864745 0.219512195121951 0.119733924611973 
0.172949002217295 0.235033259423503 0.421286031042129 0.170731707317073 
0.286031042128603 0.279379157427938 0.356984478935699 0.0776053215077605 
0.104212860310421 0.0110864745011087 0.804878048780488 0.0798226164079823 
0.024390243902439 0.057649667405765 0.847006651884701 0.0709534368070954 
0.0997782705099778 0.321507760532151 0.0953436807095344 0.483370288248337 
0.00886917960088692 0.891352549889135 0.0332594235033259 0.0665188470066519 
0.651884700665189 0.104212860310421 0.17960088691796 0.0643015521064302 
0.0975609756097561 0.29490022172949 0.237250554323725 0.370288248337029 
0.00665188470066519 0.177383592017738 0.0598669623059867 0.75609756097561 
0.0953436807095344 0.146341463414634 0.729490022172949 0.0288248337028825 
0.521064301552106 0.332594235033259 0.121951219512195 0.024390243902439 
0.121951219512195 0.740576496674058 0.0354767184035477 0.1019955654102 
0.0620842572062084 0.855875831485588 0.00886917960088692 0.0731707317073171 
0.0110864745011087 0.492239467849224 0.0155210643015521 0.481152993348115 
0.0953436807095344 0.439024390243902 0.195121951219512 0.270509977827051 

