MEME version 4

ALPHABET= ACGT

Background letter frequencies
A 0.25 C 0.25 G 0.25 T 0.25

MOTIF M09226_2.00 _

letter-probability matrix:
0.634328358208955 0.111940298507463 0.156716417910448 0.0970149253731343 
0.432835820895522 0.171641791044776 0.171641791044776 0.223880597014925 
0.0746268656716418 0.0447761194029851 0.298507462686567 0.582089552238806 
0.082089552238806 0.365671641791045 0.335820895522388 0.216417910447761 
0.298507462686567 0.134328358208955 0.470149253731343 0.0970149253731343 
0.492537313432836 0.164179104477612 0.0373134328358209 0.305970149253731 
0.947761194029851 0.0373134328358209 0.00746268656716418 0.00746268656716418 
0.0373134328358209 0.0149253731343284 0.00746268656716418 0.940298507462687 
0.0597014925373134 0.0 0.940298507462687 0.0 
0.0149253731343284 0.462686567164179 0.425373134328358 0.0970149253731343 
0.917910447761194 0.0223880597014925 0.0298507462686567 0.0298507462686567 
0.82089552238806 0.0373134328358209 0.126865671641791 0.0149253731343284 
0.537313432835821 0.0671641791044776 0.0522388059701493 0.343283582089552 
0.119402985074627 0.395522388059701 0.0597014925373134 0.425373134328358 
0.604477611940298 0.141791044776119 0.171641791044776 0.082089552238806 
0.462686567164179 0.082089552238806 0.0746268656716418 0.380597014925373 

