MEME version 4

ALPHABET= ACGT

Background letter frequencies
A 0.25 C 0.25 G 0.25 T 0.25

MOTIF M09299_2.00 _

letter-probability matrix:
0.546 0.168 0.122 0.164 
0.54 0.018 0.108 0.334 
0.118 0.352 0.372 0.158 
0.118 0.118 0.116 0.648 
0.398 0.028 0.528 0.046 
0.1 0.002 0.752 0.146 
0.166 0.022 0.782 0.03 
0.106 0.186 0.416 0.292 
0.108 0.576 0.246 0.07 
0.9 0.036 0.044 0.02 
0.7 0.032 0.252 0.016 
0.792 0.004 0.198 0.006 
0.096 0.0 0.878 0.026 
0.074 0.006 0.784 0.136 
0.034 0.122 0.348 0.496 
0.158 0.518 0.154 0.17 
0.686 0.068 0.156 0.09 

