MEME version 4

ALPHABET= ACGT

Background letter frequencies
A 0.25 C 0.25 G 0.25 T 0.25

MOTIF M09253_2.00 _

letter-probability matrix:
0.348484848484849 0.071969696969697 0.25 0.329545454545455 
0.128787878787879 0.121212121212121 0.446969696969697 0.303030303030303 
0.170454545454545 0.651515151515151 0.0227272727272727 0.15530303030303 
0.0151515151515152 0.40530303030303 0.0 0.579545454545455 
0.753787878787879 0.0833333333333333 0.053030303030303 0.109848484848485 
0.742424242424242 0.0265151515151515 0.0681818181818182 0.162878787878788 
0.920454545454545 0.00378787878787879 0.0454545454545455 0.0303030303030303 
0.852272727272727 0.0 0.0416666666666667 0.106060606060606 
0.840909090909091 0.00757575757575758 0.0189393939393939 0.132575757575758 
0.0681818181818182 0.0151515151515152 0.00378787878787879 0.912878787878788 
0.935606060606061 0.0113636363636364 0.053030303030303 0.0 
0.151515151515152 0.0568181818181818 0.768939393939394 0.0227272727272727 
0.446969696969697 0.367424242424242 0.0757575757575758 0.109848484848485 
0.424242424242424 0.246212121212121 0.106060606060606 0.223484848484848 
0.340909090909091 0.34469696969697 0.140151515151515 0.174242424242424 

