MEME version 4

ALPHABET= ACGT

Background letter frequencies
A 0.25 C 0.25 G 0.25 T 0.25

MOTIF M09233_2.00 _

letter-probability matrix:
0.338677354709419 0.176352705410822 0.356713426853707 0.128256513026052 
0.605210420841684 0.0981963927855712 0.192384769539078 0.104208416833667 
0.657314629258517 0.0961923847695391 0.128256513026052 0.118236472945892 
0.735470941883768 0.0741482965931864 0.0781563126252505 0.112224448897796 
0.31062124248497 0.228456913827655 0.266533066132265 0.19438877755511 
0.298597194388778 0.138276553106212 0.152304609218437 0.410821643286573 
0.166332665330661 0.00801603206412826 0.821643286573146 0.00400801603206413 
0.933867735470942 0.0100200400801603 0.0460921843687375 0.0100200400801603 
0.987975951903808 0.00200400801603206 0.0 0.0100200400801603 
0.983967935871744 0.00200400801603206 0.00601202404809619 0.00801603206412826 
0.13627254509018 0.364729458917836 0.468937875751503 0.030060120240481 
0.200400801603206 0.100200400801603 0.0220440881763527 0.677354709418838 
0.106212424849699 0.00400801603206413 0.887775551102205 0.00200400801603206 
0.937875751503006 0.0160320641282565 0.0420841683366734 0.00400801603206413 
0.961923847695391 0.0 0.0280561122244489 0.0100200400801603 
0.985971943887776 0.00400801603206413 0.00400801603206413 0.00601202404809619 
0.0440881763527054 0.360721442885772 0.547094188376754 0.0480961923847695 
0.196392785571142 0.24248496993988 0.0761523046092185 0.48496993987976 
0.468937875751503 0.124248496993988 0.308617234468938 0.0981963927855712 
0.43687374749499 0.160320641282565 0.268537074148297 0.134268537074148 

