MEME version 4

ALPHABET= ACGT

Background letter frequencies
A 0.25 C 0.25 G 0.25 T 0.25

MOTIF M09266_2.00 _

letter-probability matrix:
0.422222222222222 0.0222222222222222 0.403174603174603 0.152380952380952 
0.0984126984126984 0.00952380952380952 0.844444444444444 0.0476190476190476 
0.498412698412698 0.158730158730159 0.187301587301587 0.155555555555556 
0.895238095238095 0.0507936507936508 0.0253968253968254 0.0285714285714286 
0.00952380952380952 0.876190476190476 0.00952380952380952 0.104761904761905 
0.644444444444444 0.0349206349206349 0.114285714285714 0.206349206349206 
0.0285714285714286 0.180952380952381 0.171428571428571 0.619047619047619 
0.0793650793650794 0.219047619047619 0.114285714285714 0.587301587301587 
0.0666666666666667 0.466666666666667 0.146031746031746 0.320634920634921 
0.0920634920634921 0.0634920634920635 0.0412698412698413 0.803174603174603 
0.0158730158730159 0.0857142857142857 0.86031746031746 0.0380952380952381 
0.0571428571428571 0.0349206349206349 0.0349206349206349 0.873015873015873 
0.234920634920635 0.13015873015873 0.149206349206349 0.485714285714286 
0.0634920634920635 0.80952380952381 0.00952380952380952 0.117460317460317 
0.0825396825396825 0.263492063492063 0.0253968253968254 0.628571428571429 
0.13015873015873 0.244444444444444 0.234920634920635 0.39047619047619 

