MEME version 4

ALPHABET= ACGT

Background letter frequencies
A 0.25 C 0.25 G 0.25 T 0.25

MOTIF M09254_2.00 _

letter-probability matrix:
0.406417112299465 0.179144385026738 0.25668449197861 0.157754010695187 
0.248663101604278 0.117647058823529 0.101604278074866 0.532085561497326 
0.229946524064171 0.0508021390374332 0.449197860962567 0.270053475935829 
0.144385026737968 0.184491978609626 0.548128342245989 0.122994652406417 
0.0240641711229947 0.941176470588235 0.00267379679144385 0.0320855614973262 
0.0133689839572193 0.855614973262032 0.00802139037433155 0.122994652406417 
0.75668449197861 0.0374331550802139 0.0240641711229947 0.181818181818182 
0.470588235294118 0.0240641711229947 0.0668449197860963 0.438502673796791 
0.911764705882353 0.0133689839572193 0.0481283422459893 0.0267379679144385 
0.275401069518717 0.0401069518716578 0.0481283422459893 0.636363636363636 
0.866310160427808 0.0374331550802139 0.0320855614973262 0.0641711229946524 
0.625668449197861 0.0053475935828877 0.0454545454545455 0.323529411764706 
0.0427807486631016 0.0 0.949197860962567 0.00802139037433155 
0.0240641711229947 0.0106951871657754 0.954545454545455 0.0106951871657754 
0.368983957219251 0.254010695187166 0.31283422459893 0.0641711229946524 
0.609625668449198 0.219251336898396 0.0962566844919786 0.0748663101604278 
0.577540106951872 0.0962566844919786 0.205882352941176 0.120320855614973 

