MEME version 4

ALPHABET= ACGT

Background letter frequencies
A 0.25 C 0.25 G 0.25 T 0.25

MOTIF M09386_2.00 _

letter-probability matrix:
0.17 0.196 0.19 0.444 
0.124 0.302 0.246 0.328 
0.06 0.486 0.214 0.24 
0.012 0.758 0.04 0.19 
0.026 0.072 0.002 0.9 
0.008 0.06 0.068 0.864 
0.022 0.006 0.012 0.96 
0.022 0.212 0.7 0.066 
0.838 0.028 0.02 0.114 
0.252 0.002 0.066 0.68 
0.014 0.274 0.682 0.03 
0.098 0.088 0.054 0.76 
0.068 0.158 0.48 0.294 
0.138 0.128 0.452 0.282 
0.116 0.19 0.242 0.452 
0.14 0.274 0.128 0.458 

