MEME version 4

ALPHABET= ACGT

Background letter frequencies
A 0.25 C 0.25 G 0.25 T 0.25

MOTIF M09303_2.00 _

letter-probability matrix:
0.479295591761013 0.0843370036557502 0.387658521174874 0.0487088834083632 
0.198438344420292 0.0429397961849439 0.687020800177778 0.0716010592169854 
0.0973299060738966 0.119714191820318 0.700578277893249 0.0823776242125355 
0.101480024593961 0.103832864644686 0.223793421812108 0.570893688949245 
0.123270744664947 0.643551403635342 0.162731459603245 0.0704463920964649 
0.811378808604159 0.0508691379849619 0.128610628824984 0.00914142458589359 
0.567935676977789 0.0591177442581573 0.360788149537075 0.0121584292269792 
0.857375800990801 0.00406415823687881 0.106244981397634 0.0323150593746846 
0.0482469286828088 0.0131762683519351 0.888609701133716 0.0499671018315397 
0.030177488858717 0.0405378290658638 0.814331685987163 0.114952996088255 
0.0619725294445881 0.106893336947389 0.21504388189171 0.616090251716313 
0.141138542476971 0.719768458897242 0.100492916703591 0.0386000819221948 
0.792547757841617 0.0324900565912116 0.122367092296927 0.0525950932702433 

