MEME version 4

ALPHABET= ACGT

Background letter frequencies
A 0.25 C 0.25 G 0.25 T 0.25

MOTIF M09392_2.00 _

letter-probability matrix:
0.0767543859649123 0.260964912280702 0.274122807017544 0.388157894736842 
0.0328947368421053 0.635964912280702 0.184210526315789 0.146929824561404 
0.0175438596491228 0.708333333333333 0.0131578947368421 0.260964912280702 
0.12280701754386 0.0460526315789474 0.0197368421052632 0.81140350877193 
0.00219298245614035 0.138157894736842 0.0350877192982456 0.824561403508772 
0.00219298245614035 0.0131578947368421 0.0328947368421053 0.951754385964912 
0.043859649122807 0.425438596491228 0.519736842105263 0.0109649122807018 
0.456140350877193 0.138157894736842 0.0153508771929825 0.390350877192983 
0.278508771929825 0.166666666666667 0.157894736842105 0.396929824561404 
0.285087719298246 0.190789473684211 0.201754385964912 0.322368421052632 
0.0416666666666667 0.129385964912281 0.149122807017544 0.679824561403509 
0.0394736842105263 0.31140350877193 0.383771929824561 0.265350877192983 
0.116228070175439 0.460526315789474 0.0899122807017544 0.333333333333333 
0.31359649122807 0.221491228070175 0.103070175438597 0.361842105263158 

