MEME version 4

ALPHABET= ACGT

Background letter frequencies
A 0.25 C 0.25 G 0.25 T 0.25

MOTIF M09366_2.00 _

letter-probability matrix:
0.25 0.257575757575758 0.151515151515152 0.340909090909091 
0.121212121212121 0.537878787878788 0.166666666666667 0.174242424242424 
0.113636363636364 0.416666666666667 0.0984848484848485 0.371212121212121 
0.0378787878787879 0.46969696969697 0.333333333333333 0.159090909090909 
0.166666666666667 0.0757575757575758 0.696969696969697 0.0606060606060606 
0.0303030303030303 0.0984848484848485 0.143939393939394 0.727272727272727 
0.0984848484848485 0.333333333333333 0.0227272727272727 0.545454545454545 
0.136363636363636 0.151515151515152 0.401515151515151 0.310606060606061 
0.00757575757575758 0.825757575757576 0.053030303030303 0.113636363636364 
0.00757575757575758 0.863636363636364 0.0151515151515152 0.113636363636364 
0.628787878787879 0.227272727272727 0.0454545454545455 0.0984848484848485 
0.128787878787879 0.128787878787879 0.0227272727272727 0.71969696969697 
0.204545454545455 0.0378787878787879 0.734848484848485 0.0227272727272727 
0.159090909090909 0.0303030303030303 0.772727272727273 0.0378787878787879 
0.0984848484848485 0.757575757575758 0.0378787878787879 0.106060606060606 
0.71969696969697 0.0227272727272727 0.196969696969697 0.0606060606060606 
0.939393939393939 0.0 0.053030303030303 0.00757575757575758 
0.0227272727272727 0.893939393939394 0.00757575757575758 0.0757575757575758 
0.318181818181818 0.325757575757576 0.181818181818182 0.174242424242424 
0.0606060606060606 0.318181818181818 0.575757575757576 0.0454545454545455 
0.121212121212121 0.53030303030303 0.257575757575758 0.0909090909090909 
0.0606060606060606 0.477272727272727 0.333333333333333 0.128787878787879 

