MEME version 4

ALPHABET= ACGT

Background letter frequencies
A 0.25 C 0.25 G 0.25 T 0.25

MOTIF M09326_2.00 _

letter-probability matrix:
0.49 0.03 0.382 0.098 
0.106 0.016 0.842 0.036 
0.422 0.158 0.222 0.198 
0.902 0.022 0.026 0.05 
0.0 0.944 0.022 0.034 
0.67 0.03 0.122 0.178 
0.076 0.258 0.262 0.404 
0.0 0.362 0.0 0.638 
0.168 0.406 0.176 0.25 
0.108 0.084 0.014 0.794 
0.008 0.032 0.958 0.002 
0.018 0.038 0.018 0.926 
0.184 0.206 0.158 0.452 
0.046 0.828 0.012 0.114 
0.068 0.458 0.01 0.464 

