MEME version 4

ALPHABET= ACGT

Background letter frequencies
A 0.25 C 0.25 G 0.25 T 0.25

MOTIF M09313_2.00 _

letter-probability matrix:
0.33 0.136 0.366 0.168 
0.374 0.148 0.388 0.09 
0.358 0.072 0.506 0.064 
0.334 0.05 0.394 0.222 
0.586 0.202 0.158 0.054 
0.544 0.036 0.142 0.278 
0.138 0.242 0.522 0.098 
0.082 0.02 0.15 0.748 
0.384 0.022 0.574 0.02 
0.4 0.002 0.562 0.036 
0.026 0.058 0.904 0.012 
0.018 0.064 0.16 0.758 
0.032 0.888 0.066 0.014 
0.952 0.006 0.006 0.036 
0.14 0.29 0.436 0.134 
0.386 0.12 0.214 0.28 
0.27 0.138 0.478 0.114 
0.272 0.106 0.456 0.166 
0.286 0.158 0.384 0.172 

