MEME version 4

ALPHABET= ACGT

Background letter frequencies
A 0.25 C 0.25 G 0.25 T 0.25

MOTIF M09301_2.00 _

letter-probability matrix:
0.192 0.312 0.402 0.094 
0.5 0.044 0.178 0.278 
0.14 0.056 0.672 0.132 
0.224 0.06 0.524 0.192 
0.126 0.282 0.282 0.31 
0.098 0.774 0.052 0.076 
0.784 0.134 0.018 0.064 
0.506 0.1 0.348 0.046 
0.812 0.006 0.168 0.014 
0.012 0.008 0.954 0.026 
0.064 0.024 0.57 0.342 
0.03 0.268 0.164 0.538 
0.028 0.85 0.04 0.082 
0.856 0.018 0.018 0.108 
0.148 0.236 0.412 0.204 

