MEME version 4

ALPHABET= ACGT

Background letter frequencies
A 0.25 C 0.25 G 0.25 T 0.25

MOTIF M09309_2.00 _

letter-probability matrix:
0.5 0.054 0.376 0.07 
0.078 0.0 0.818 0.104 
0.096 0.044 0.794 0.066 
0.218 0.074 0.158 0.55 
0.008 0.938 0.028 0.026 
0.858 0.014 0.052 0.076 
0.11 0.246 0.476 0.168 
0.0 0.0 0.562 0.438 
0.082 0.282 0.562 0.074 
0.02 0.046 0.006 0.928 
0.03 0.118 0.85 0.002 
0.58 0.108 0.07 0.242 
0.026 0.804 0.072 0.098 
0.132 0.768 0.006 0.094 
0.09 0.306 0.046 0.558 

