MEME version 4

ALPHABET= ACGT

Background letter frequencies
A 0.25 C 0.25 G 0.25 T 0.25

MOTIF M09333_2.00 _

letter-probability matrix:
0.37 0.146 0.394 0.09 
0.55 0.016 0.374 0.06 
0.114 0.014 0.84 0.032 
0.054 0.024 0.762 0.16 
0.054 0.114 0.184 0.648 
0.024 0.79 0.08 0.106 
0.84 0.062 0.034 0.064 
0.176 0.238 0.228 0.358 
0.19 0.376 0.182 0.252 
0.052 0.284 0.07 0.594 
0.286 0.188 0.442 0.084 
0.722 0.006 0.256 0.016 
0.02 0.004 0.968 0.008 
0.014 0.018 0.928 0.04 
0.4 0.148 0.08 0.372 
0.052 0.808 0.052 0.088 
0.864 0.03 0.056 0.05 

