MEME version 4

ALPHABET= ACGT

Background letter frequencies
A 0.25 C 0.25 G 0.25 T 0.25

MOTIF M09349_2.00 _

letter-probability matrix:
0.292 0.138 0.12 0.45 
0.064 0.188 0.318 0.43 
0.118 0.222 0.122 0.538 
0.158 0.548 0.03 0.264 
0.38 0.044 0.088 0.488 
0.06 0.346 0.238 0.356 
0.312 0.142 0.052 0.494 
0.066 0.268 0.166 0.5 
0.026 0.084 0.068 0.822 
0.018 0.104 0.068 0.81 
0.006 0.036 0.012 0.946 
0.01 0.93 0.046 0.014 
0.004 0.904 0.008 0.084 
0.496 0.06 0.05 0.394 
0.054 0.234 0.23 0.482 

