MEME version 4

ALPHABET= ACGT

Background letter frequencies
A 0.25 C 0.25 G 0.25 T 0.25

MOTIF M09422_2.00 _

letter-probability matrix:
0.136 0.272 0.112 0.48 
0.176 0.238 0.164 0.422 
0.19 0.122 0.202 0.486 
0.124 0.372 0.288 0.216 
0.094 0.304 0.094 0.508 
0.138 0.162 0.146 0.554 
0.09 0.078 0.094 0.738 
0.146 0.39 0.236 0.228 
0.536 0.058 0.23 0.176 
0.044 0.254 0.502 0.2 
0.016 0.046 0.014 0.924 
0.004 0.044 0.02 0.932 
0.022 0.052 0.016 0.91 
0.004 0.838 0.012 0.146 
0.396 0.16 0.112 0.332 
0.186 0.142 0.33 0.342 
0.038 0.084 0.034 0.844 
0.0 0.034 0.036 0.93 
0.014 0.244 0.018 0.724 
0.016 0.584 0.042 0.358 
0.05 0.508 0.074 0.368 
0.1 0.33 0.094 0.476 

