MEME version 4

ALPHABET= ACGT

Background letter frequencies
A 0.25 C 0.25 G 0.25 T 0.25

MOTIF M09472_2.00 _

letter-probability matrix:
0.056 0.225 0.044 0.675 
0.015 0.003 0.001 0.981 
0.957 0.001 0.041 0.001 
0.001 0.001 0.001 0.997 
0.001 0.997 0.001 0.001 
0.304 0.006 0.015 0.675 
0.082 0.368 0.433 0.117 
0.202 0.295 0.193 0.31 
0.187 0.269 0.336 0.208 
0.193 0.345 0.287 0.175 
0.219 0.313 0.272 0.196 
0.208 0.404 0.249 0.14 
0.254 0.327 0.199 0.219 
0.263 0.348 0.357 0.032 
0.009 0.989 0.001 0.001 
0.951 0.001 0.001 0.047 
0.003 0.12 0.842 0.035 
0.251 0.45 0.251 0.047 
0.219 0.374 0.085 0.322 
0.184 0.19 0.433 0.193 

