MEME version 4

ALPHABET= ACGT

Background letter frequencies
A 0.25 C 0.25 G 0.25 T 0.25

MOTIF M09400_2.00 _

letter-probability matrix:
0.328 0.272 0.308 0.092 
0.444 0.192 0.324 0.04 
0.666 0.058 0.23 0.046 
0.2 0.364 0.418 0.018 
0.706 0.08 0.046 0.168 
0.274 0.026 0.198 0.502 
0.09 0.562 0.316 0.032 
0.956 0.004 0.012 0.028 
0.88 0.038 0.08 0.002 
0.87 0.02 0.088 0.022 
0.226 0.066 0.684 0.024 
0.3 0.222 0.384 0.094 
0.386 0.264 0.298 0.052 
0.432 0.212 0.314 0.042 
0.352 0.222 0.3 0.126 
0.276 0.34 0.304 0.08 

