MEME version 4

ALPHABET= ACGT

Background letter frequencies
A 0.25 C 0.25 G 0.25 T 0.25

MOTIF M09491_2.00 _

letter-probability matrix:
0.094 0.13 0.135 0.641 
0.068 0.147 0.696 0.089 
0.184 0.767 0.03 0.019 
0.071 0.027 0.001 0.901 
0.056 0.006 0.815 0.123 
0.883 0.016 0.046 0.055 
0.055 0.452 0.446 0.048 
0.044 0.055 0.018 0.883 
0.104 0.788 0.004 0.104 
0.856 0.001 0.072 0.071 
0.03 0.098 0.778 0.094 
0.057 0.806 0.058 0.079 

