MEME version 4

ALPHABET= ACGT

Background letter frequencies
A 0.25 C 0.25 G 0.25 T 0.25

MOTIF M09586_2.00 _

letter-probability matrix:
0.301 0.198 0.169 0.331 
0.308 0.154 0.17 0.368 
0.286 0.175 0.192 0.347 
0.203 0.186 0.291 0.32 
0.258 0.263 0.21 0.269 
0.123 0.204 0.001 0.672 
0.948 0.003 0.048 0.001 
0.997 0.001 0.001 0.001 
0.024 0.001 0.001 0.974 
0.001 0.075 0.051 0.873 
0.436 0.024 0.296 0.244 
0.146 0.195 0.44 0.219 
0.209 0.438 0.194 0.16 
0.266 0.312 0.015 0.408 
0.816 0.083 0.1 0.001 
0.991 0.001 0.001 0.007 
0.008 0.001 0.001 0.99 
0.004 0.06 0.008 0.928 
0.683 0.01 0.171 0.136 
0.276 0.197 0.276 0.25 

