MEME version 4

ALPHABET= ACGT

Background letter frequencies
A 0.25 C 0.25 G 0.25 T 0.25

MOTIF M09526_2.00 _

letter-probability matrix:
0.275 0.099 0.079 0.547 
0.04 0.02 0.897 0.043 
0.087 0.815 0.014 0.084 
0.973 0.005 0.015 0.007 
0.912 0.001 0.02 0.067 
0.42 0.112 0.356 0.112 
0.015 0.528 0.03 0.427 
0.114 0.015 0.796 0.075 
0.001 0.919 0.001 0.079 
0.001 0.001 0.997 0.001 
0.001 0.997 0.001 0.001 
0.001 0.131 0.01 0.858 
0.001 0.988 0.002 0.009 
0.005 0.564 0.017 0.414 
0.767 0.012 0.191 0.03 

