MEME version 4

ALPHABET= ACGT

Background letter frequencies
A 0.25 C 0.25 G 0.25 T 0.25

MOTIF M09575_2.00 _

letter-probability matrix:
0.276 0.034 0.137 0.553 
0.103 0.069 0.759 0.069 
0.794 0.068 0.001 0.137 
0.103 0.001 0.034 0.862 
0.034 0.001 0.034 0.931 
0.069 0.069 0.241 0.621 
0.965 0.033 0.001 0.001 
0.001 0.171 0.034 0.794 
0.172 0.001 0.586 0.241 
0.277 0.103 0.586 0.034 
0.034 0.552 0.207 0.207 
0.104 0.517 0.104 0.275 

