MEME version 4

ALPHABET= ACGT

Background letter frequencies
A 0.25 C 0.25 G 0.25 T 0.25

MOTIF M09663_2.00 _

letter-probability matrix:
0.015 0.0375000000000001 0.1075 0.839999999999999 
0.0225000000000001 0.0800000000000003 0.7775 0.12 
0.7025 0.0450000000000001 0.0175 0.235000000000001 
0.00250000000000001 0.0 0.0175 0.979999999999998 
0.00750000000000002 0.0350000000000001 0.015 0.942499999999999 
0.310000000000001 0.0200000000000001 0.0825000000000003 0.5875 
0.0 0.0775000000000003 0.412500000000001 0.51 
0.370000000000001 0.525 0.00250000000000001 0.1025 
0.0325000000000001 0.407500000000001 0.00250000000000001 0.5575 
0.00500000000000001 0.0900000000000003 0.0400000000000001 0.864999999999999 
0.00250000000000001 0.0400000000000001 0.837499999999999 0.12 
0.00250000000000001 0.440000000000001 0.505 0.0525000000000002 
0.0450000000000001 0.0625000000000002 0.407500000000001 0.485 
0.0525000000000002 0.0550000000000002 0.0650000000000002 0.827499999999999 

