MEME version 4

ALPHABET= ACGT

Background letter frequencies
A 0.25 C 0.25 G 0.25 T 0.25

MOTIF M09602_2.00 _

letter-probability matrix:
0.049 0.888 0.028 0.035 
0.001 0.837 0.001 0.161 
0.04 0.844 0.014 0.102 
0.082 0.035 0.882 0.001 
0.021 0.323 0.179 0.477 
0.403 0.028 0.523 0.046 
0.779 0.029 0.137 0.055 
0.39 0.021 0.487 0.102 
0.324 0.057 0.446 0.172 
0.021 0.139 0.007 0.833 
0.014 0.001 0.978 0.007 
0.007 0.006 0.001 0.986 
0.021 0.965 0.007 0.007 
0.021 0.061 0.876 0.042 
0.007 0.014 0.958 0.021 

