MEME version 4

ALPHABET= ACGT

Background letter frequencies
A 0.25 C 0.25 G 0.25 T 0.25

MOTIF M09684_2.00 _

letter-probability matrix:
0.244395304395306 0.394004914004917 0.0939339339339345 0.26766584766585 
0.318119028119031 0.546415506415505 0.0781681681681686 0.0572972972972976 
0.517130767130767 0.226371826371828 0.188176358176359 0.0683210483210487 
0.456014196014198 0.174870324870326 0.156044226044227 0.213071253071254 
0.107630357630358 0.0976303576303582 0.146822276822277 0.647917007917005 
0.17941031941032 0.291659841659844 0.087510237510238 0.441419601419604 
0.271059241059243 0.323882063882067 0.0738738738738743 0.331184821184824 
0.0168468468468469 0.0326426426426428 0.659565929565927 0.290944580944584 
0.245023205023207 0.1093720993721 0.0357357357357359 0.609868959868959 
0.236139776139778 0.715722085722083 0.00450450450450453 0.0436336336336339 
0.862003822003818 0.117755937755938 0.00450450450450453 0.0157357357357358 
0.0100600600600601 0.825457275457272 0.008948948948949 0.155533715533716 
0.151209391209392 0.00783783783783788 0.836448266448263 0.00450450450450453 
0.00450450450450453 0.644583674583672 0.345296205296208 0.00561561561561565 

