MEME version 4

ALPHABET= ACGT

Background letter frequencies
A 0.25 C 0.25 G 0.25 T 0.25

MOTIF M09668_2.00 _

letter-probability matrix:
0.0381944444444444 0.0104166666666667 0.0104166666666667 0.940972222222222 
0.607638888888889 0.0104166666666667 0.357638888888889 0.0243055555555556 
0.0138888888888889 0.0277777777777778 0.0416666666666667 0.916666666666667 
0.0277777777777778 0.0138888888888889 0.0277777777777778 0.930555555555556 
0.0416666666666667 0.0138888888888889 0.0277777777777778 0.916666666666667 
0.694444444444445 0.0138888888888889 0.25 0.0416666666666667 
0.0625 0.784722222222222 0.0347222222222222 0.118055555555556 
0.677083333333333 0.121527777777778 0.0798611111111111 0.121527777777778 
0.538194444444445 0.177083333333333 0.0520833333333333 0.232638888888889 
0.878472222222222 0.03125 0.0173611111111111 0.0729166666666667 
0.795138888888889 0.0451388888888889 0.0451388888888889 0.114583333333333 
0.125 0.0694444444444444 0.722222222222222 0.0833333333333333 

