MEME version 4

ALPHABET= ACGT

Background letter frequencies
A 0.25 C 0.25 G 0.25 T 0.25

MOTIF M09687_2.00 _

letter-probability matrix:
0.457305816788576 0.142502612330199 0.274902473005921 0.125289097875305 
0.697753396029259 0.0456757227446883 0.102574016022292 0.153996865203762 
0.946062347614072 0.0189080459770115 0.0175148032044584 0.0175148032044584 
0.710412748171369 0.0175148032044584 0.00574712643678161 0.266325322187391 
0.242359804946012 0.330033089515848 0.161884360849878 0.265722744688262 
0.0894845001741554 0.095158481365378 0.176382793451759 0.638974225008708 
0.643958551027517 0.0817119470567747 0.268122605363985 0.00620689655172414 
0.0915099268547545 0.043075583420411 0.862540926506444 0.0028735632183908 
0.701920933472658 0.0179745733194009 0.190332636711947 0.0897718564959945 
0.198812260536399 0.121093695576454 0.480334378265413 0.199759665621735 
0.0329745733194009 0.907814350400557 0.0028735632183908 0.056337513061651 
0.77513758272379 0.0264089167537443 0.153610240334378 0.0448432601880878 
0.425222918843609 0.268178335074887 0.247201323580634 0.0593974225008708 

