MEME version 4

ALPHABET= ACGT

Background letter frequencies
A 0.25 C 0.25 G 0.25 T 0.25

MOTIF M09624_2.00 _

letter-probability matrix:
0.001 0.288 0.436 0.275 
0.067 0.929 0.001 0.003 
0.944 0.001 0.001 0.054 
0.037 0.177 0.704 0.082 
0.001 0.412 0.171 0.415 
0.001 0.758 0.24 0.001 
0.923 0.001 0.027 0.049 
0.313 0.054 0.343 0.291 
0.001 0.322 0.676 0.001 
0.001 0.872 0.019 0.108 
0.494 0.109 0.314 0.083 
0.113 0.026 0.199 0.662 
0.122 0.02 0.857 0.001 
0.483 0.144 0.281 0.092 
0.238 0.61 0.107 0.045 

