MEME version 4

ALPHABET= ACGT

Background letter frequencies
A 0.25 C 0.25 G 0.25 T 0.25

MOTIF M09864_2.00 _

letter-probability matrix:
0.166666666666667 0.380952380952381 0.333333333333333 0.119047619047619 
0.333333333333333 0.30952380952381 0.285714285714286 0.0714285714285714 
0.333333333333333 0.19047619047619 0.261904761904762 0.214285714285714 
0.333333333333333 0.285714285714286 0.19047619047619 0.19047619047619 
0.238095238095238 0.166666666666667 0.357142857142857 0.238095238095238 
0.357142857142857 0.119047619047619 0.452380952380952 0.0714285714285714 
0.142857142857143 0.0 0.19047619047619 0.666666666666667 
0.0 1.0 0.0 0.0 
1.0 0.0 0.0 0.0 
0.0 1.0 0.0 0.0 
0.0 0.0 1.0 0.0 
0.0 0.0 0.0 1.0 
0.0 0.0 1.0 0.0 
0.666666666666667 0.19047619047619 0.0 0.142857142857143 
0.0714285714285714 0.452380952380952 0.119047619047619 0.357142857142857 
0.238095238095238 0.357142857142857 0.166666666666667 0.238095238095238 
0.19047619047619 0.19047619047619 0.285714285714286 0.333333333333333 
0.214285714285714 0.261904761904762 0.19047619047619 0.333333333333333 
0.0714285714285714 0.285714285714286 0.30952380952381 0.333333333333333 
0.119047619047619 0.333333333333333 0.380952380952381 0.166666666666667 

