MEME version 4

ALPHABET= ACGT

Background letter frequencies
A 0.25 C 0.25 G 0.25 T 0.25

MOTIF M10024_2.00 _

letter-probability matrix:
0.27906976744186 0.162790697674419 0.186046511627907 0.372093023255814 
0.209302325581395 0.162790697674419 0.395348837209302 0.232558139534884 
0.27906976744186 0.209302325581395 0.255813953488372 0.255813953488372 
0.0465116279069767 0.116279069767442 0.13953488372093 0.697674418604651 
0.0697674418604651 0.0465116279069767 0.209302325581395 0.674418604651163 
0.302325581395349 0.0465116279069767 0.302325581395349 0.348837209302326 
0.255813953488372 0.186046511627907 0.255813953488372 0.302325581395349 
0.0697674418604651 0.186046511627907 0.651162790697674 0.0930232558139535 
0.0465116279069767 0.581395348837209 0.0465116279069767 0.325581395348837 
0.976744186046512 0.0232558139534884 0.0 0.0 
1.0 0.0 0.0 0.0 
0.162790697674419 0.186046511627907 0.116279069767442 0.534883720930233 
0.302325581395349 0.255813953488372 0.232558139534884 0.209302325581395 
0.232558139534884 0.162790697674419 0.232558139534884 0.372093023255814 

