MEME version 4

ALPHABET= ACGT

Background letter frequencies
A 0.25 C 0.25 G 0.25 T 0.25

MOTIF M10814_2.00 _

letter-probability matrix:
0.6 0.0666666666666667 0.333333333333333 0.0 
0.578947368421053 0.105263157894737 0.210526315789474 0.105263157894737 
0.695652173913043 0.0434782608695652 0.0869565217391304 0.173913043478261 
0.739130434782609 0.0869565217391304 0.0434782608695652 0.130434782608696 
0.833333333333333 0.0416666666666667 0.0416666666666667 0.0833333333333333 
0.333333333333333 0.0833333333333333 0.0833333333333333 0.5 
0.25 0.0833333333333333 0.0416666666666667 0.625 
0.625 0.0416666666666667 0.208333333333333 0.125 
0.291666666666667 0.25 0.25 0.208333333333333 
0.166666666666667 0.416666666666667 0.25 0.166666666666667 
0.333333333333333 0.375 0.125 0.166666666666667 
0.25 0.375 0.125 0.25 
0.333333333333333 0.291666666666667 0.166666666666667 0.208333333333333 
0.375 0.25 0.25 0.125 
0.333333333333333 0.291666666666667 0.0833333333333333 0.291666666666667 
0.375 0.208333333333333 0.125 0.291666666666667 
0.25 0.208333333333333 0.25 0.291666666666667 
0.208333333333333 0.458333333333333 0.208333333333333 0.125 
0.208333333333333 0.416666666666667 0.125 0.25 
0.375 0.333333333333333 0.166666666666667 0.125 
0.375 0.166666666666667 0.208333333333333 0.25 
0.208333333333333 0.416666666666667 0.166666666666667 0.208333333333333 
0.333333333333333 0.416666666666667 0.0416666666666667 0.208333333333333 
0.166666666666667 0.375 0.0416666666666667 0.416666666666667 
0.0416666666666667 0.666666666666667 0.166666666666667 0.125 
0.791666666666667 0.125 0.0 0.0833333333333333 
0.0416666666666667 0.625 0.0833333333333333 0.25 
0.25 0.416666666666667 0.0833333333333333 0.25 
0.0833333333333333 0.666666666666667 0.166666666666667 0.0833333333333333 
0.0 0.529411764705882 0.235294117647059 0.235294117647059 

