MEME version 4

ALPHABET= ACGT

Background letter frequencies
A 0.25 C 0.25 G 0.25 T 0.25

MOTIF M10908_2.00 _

letter-probability matrix:
0.231578947368421 0.305263157894737 0.357894736842105 0.105263157894737 
0.168421052631579 0.0947368421052632 0.305263157894737 0.431578947368421 
0.263157894736842 0.0842105263157895 0.0421052631578947 0.610526315789474 
0.284210526315789 0.168421052631579 0.136842105263158 0.410526315789474 
0.0 0.968421052631579 0.0 0.0315789473684211 
0.0 0.831578947368421 0.0 0.168421052631579 
0.863157894736842 0.0105263157894737 0.0210526315789474 0.105263157894737 
0.421052631578947 0.0421052631578947 0.0315789473684211 0.505263157894737 
0.589473684210526 0.0 0.0105263157894737 0.4 
0.368421052631579 0.0 0.0 0.631578947368421 
0.684210526315789 0.0105263157894737 0.0421052631578947 0.263157894736842 
0.263157894736842 0.0421052631578947 0.0315789473684211 0.663157894736842 
0.673684210526316 0.0 0.294736842105263 0.0315789473684211 
0.0 0.0 0.968421052631579 0.0315789473684211 
0.347368421052632 0.147368421052632 0.157894736842105 0.347368421052632 
0.547368421052632 0.0526315789473684 0.0736842105263158 0.326315789473684 
0.473684210526316 0.242105263157895 0.136842105263158 0.147368421052632 
0.221052631578947 0.252631578947368 0.273684210526316 0.252631578947368 

