MEME version 4

ALPHABET= ACGT

Background letter frequencies
A 0.25 C 0.25 G 0.25 T 0.25

MOTIF M11124_2.00 _

letter-probability matrix:
0.236842105263158 0.315789473684211 0.236842105263158 0.210526315789474 
0.315789473684211 0.157894736842105 0.210526315789474 0.315789473684211 
0.631578947368421 0.0 0.131578947368421 0.236842105263158 
0.0263157894736842 0.131578947368421 0.789473684210526 0.0526315789473684 
0.5 0.157894736842105 0.236842105263158 0.105263157894737 
0.868421052631579 0.0 0.0263157894736842 0.105263157894737 
0.0 1.0 0.0 0.0 
1.0 0.0 0.0 0.0 
0.131578947368421 0.394736842105263 0.263157894736842 0.210526315789474 
0.578947368421053 0.0789473684210526 0.0789473684210526 0.263157894736842 
0.236842105263158 0.105263157894737 0.342105263157895 0.315789473684211 
0.236842105263158 0.157894736842105 0.210526315789474 0.394736842105263 
0.131578947368421 0.157894736842105 0.578947368421053 0.131578947368421 
0.289473684210526 0.105263157894737 0.236842105263158 0.368421052631579 
0.342105263157895 0.184210526315789 0.236842105263158 0.236842105263158 
0.105263157894737 0.447368421052632 0.210526315789474 0.236842105263158 
0.210526315789474 0.473684210526316 0.105263157894737 0.210526315789474 
0.210526315789474 0.368421052631579 0.210526315789474 0.210526315789474 
0.368421052631579 0.236842105263158 0.157894736842105 0.236842105263158 

