MEME version 4

ALPHABET= ACGT

Background letter frequencies
A 0.25 C 0.25 G 0.25 T 0.25

MOTIF M11348_2.00 _

letter-probability matrix:
0.15984015984016 0.396603396603397 0.125874125874126 0.317682317682318 
0.015015015015015 0.492492492492492 0.367367367367367 0.125125125125125 
0.159 0.466 0.127 0.248 
0.0 0.696696696696697 0.105105105105105 0.198198198198198 
0.667 0.111 0.111 0.111 
0.254745254745255 0.294705294705295 0.0879120879120879 0.362637362637363 
0.0 0.0 0.0 1.0 
0.0 0.0 0.0 1.0 
0.012012012012012 0.94994994994995 0.0 0.038038038038038 
0.0 1.0 0.0 0.0 
0.0 0.675 0.325 0.0 
0.0 0.0 1.0 0.0 
0.032 0.02 0.909 0.039 
1.0 0.0 0.0 0.0 
1.0 0.0 0.0 0.0 
0.331668331668332 0.0939060939060939 0.262737262737263 0.311688311688312 
0.118881118881119 0.150849150849151 0.134865134865135 0.595404595404595 
0.0640640640640641 0.381381381381381 0.379379379379379 0.175175175175175 
0.351297405189621 0.197604790419162 0.312375249500998 0.13872255489022 
0.298298298298298 0.372372372372372 0.0970970970970971 0.232232232232232 
0.321 0.419 0.18 0.08 

