MEME version 4

ALPHABET= ACGT

Background letter frequencies
A 0.25 C 0.25 G 0.25 T 0.25

MOTIF M11400_2.00 _

letter-probability matrix:
0.409090909090909 0.227272727272727 0.318181818181818 0.0454545454545455 
0.136363636363636 0.181818181818182 0.409090909090909 0.272727272727273 
0.227272727272727 0.363636363636364 0.272727272727273 0.136363636363636 
0.363636363636364 0.136363636363636 0.318181818181818 0.181818181818182 
0.272727272727273 0.318181818181818 0.181818181818182 0.227272727272727 
0.363636363636364 0.0909090909090909 0.227272727272727 0.318181818181818 
0.318181818181818 0.0 0.681818181818182 0.0 
0.0 0.0 1.0 0.0 
1.0 0.0 0.0 0.0 
1.0 0.0 0.0 0.0 
0.0 0.0 0.0 1.0 
0.0 0.0 1.0 0.0 
0.272727272727273 0.318181818181818 0.0909090909090909 0.318181818181818 
0.545454545454545 0.0454545454545455 0.363636363636364 0.0454545454545455 
0.454545454545455 0.0909090909090909 0.454545454545455 0.0 
0.454545454545455 0.272727272727273 0.272727272727273 0.0 
0.409090909090909 0.227272727272727 0.272727272727273 0.0909090909090909 
0.0909090909090909 0.272727272727273 0.409090909090909 0.227272727272727 
0.318181818181818 0.0909090909090909 0.454545454545455 0.136363636363636 

