MEME version 4

ALPHABET= ACGT

Background letter frequencies
A 0.25 C 0.25 G 0.25 T 0.25

MOTIF BRAC_MOUSE.H11MO.1.C
letter-probability matrix: alength= 4 w= 13 nsites= 500
0.266	0.08399999999999999	0.146	0.5039999999999999
0.25199999999999995	0.158	0.512	0.078
0.162	0.16799999999999998	0.22599999999999998	0.44399999999999995
0.032	0.526	0.39999999999999997	0.041999999999999996
0.008	0.026000000000000002	0.006000000000000001	0.96
0.0	0.018000000000000002	0.948	0.034
0.028	0.036000000000000004	0.032	0.904
0.022000000000000002	0.42	0.486	0.07200000000000001
0.76	0.032	0.04	0.168
0.7000000000000001	0.13	0.132	0.038000000000000006
0.236	0.104	0.11199999999999999	0.548
0.036	0.11399999999999999	0.12599999999999997	0.724
0.066	0.39399999999999996	0.16399999999999998	0.37599999999999995
URL http://hocomoco.autosome.ru/motif/BRAC_MOUSE.H11MO.1.C

