MEME version 4

ALPHABET= ACGT

Background letter frequencies
A 0.25 C 0.25 G 0.25 T 0.25

MOTIF EGR2_MOUSE.H11MO.1.A
letter-probability matrix: alength= 4 w= 18 nsites= 499
0.35671342685370744	0.14829659318637278	0.4108216432865732	0.08416833667334671
0.19038076152304612	0.07815631262525051	0.4589178356713427	0.27254509018036077
0.0841683366733467	0.05811623246492986	0.8256513026052105	0.03206412825651303
0.3106212424849699	0.3567134268537075	0.042084168336673354	0.29058116232464937
0.04208416833667335	0.04408817635270541	0.8837675350701403	0.03006012024048096
0.03406813627254509	0.022044088176352703	0.406813627254509	0.5370741482965932
0.15831663326653309	0.004008016032064129	0.7895791583166333	0.04809619238476954
0.03006012024048096	0.006012024048096193	0.9078156312625251	0.056112224448897796
0.03006012024048096	0.014028056112224449	0.9519038076152304	0.004008016032064129
0.44488977955911824	0.2645290581162325	0.01402805611222445	0.2765531062124249
0.04809619238476954	0.0020040080160320644	0.8997995991983968	0.050100200400801605
0.06212424849699399	0.03807615230460922	0.7314629258517035	0.1683366733466934
0.3186372745490982	0.13426853707414832	0.43086172344689383	0.11623246492985974
0.2885771543086173	0.0561122244488978	0.4789579158316633	0.17635270541082168
0.19238476953907818	0.13426853707414832	0.5651302605210421	0.10821643286573147
0.2665330661322646	0.12625250501002003	0.39879759519038077	0.20841683366733468
0.17434869739478961	0.10420841683366736	0.5871743486973948	0.13426853707414832
0.2004008016032064	0.1282565130260521	0.531062124248497	0.1402805611222445
URL http://hocomoco.autosome.ru/motif/EGR2_MOUSE.H11MO.1.A

