MEME version 4

ALPHABET= ACGT

Background letter frequencies
A 0.25 C 0.25 G 0.25 T 0.25

MOTIF FLI1_MOUSE.H11MO.1.A
letter-probability matrix: alength= 4 w= 19 nsites= 500
0.17200000000000001	0.26	0.48599999999999993	0.082
0.29200000000000004	0.188	0.43399999999999994	0.08600000000000001
0.278	0.16400000000000003	0.49600000000000005	0.062000000000000006
0.43	0.16600000000000004	0.35800000000000004	0.046000000000000006
0.31400000000000006	0.09200000000000001	0.522	0.07200000000000001
0.36600000000000005	0.018000000000000002	0.562	0.054000000000000006
0.224	0.49200000000000005	0.2740000000000001	0.010000000000000002
0.794	0.18000000000000002	0.014000000000000002	0.012000000000000002
0.006000000000000002	0.0	0.984	0.010000000000000002
0.018000000000000002	0.008000000000000002	0.968	0.006000000000000002
0.97	0.014000000000000002	0.014000000000000002	0.0020000000000000005
0.974	0.0	0.018000000000000002	0.008000000000000002
0.15600000000000003	0.006000000000000002	0.834	0.004000000000000001
0.06600000000000002	0.24400000000000002	0.43	0.26000000000000006
0.376	0.11400000000000002	0.43400000000000005	0.07600000000000001
0.39	0.12400000000000001	0.42600000000000005	0.060000000000000005
0.312	0.14	0.46199999999999997	0.08600000000000001
0.25000000000000006	0.18600000000000003	0.442	0.12200000000000001
0.332	0.19400000000000003	0.37200000000000005	0.10200000000000001
URL http://hocomoco.autosome.ru/motif/FLI1_MOUSE.H11MO.1.A

