MEME version 4

ALPHABET= ACGT

Background letter frequencies
A 0.25 C 0.25 G 0.25 T 0.25

MOTIF GLI3_MOUSE.H11MO.0.D
letter-probability matrix: alength= 4 w= 12 nsites= 476
0.11134453781512604	0.3991596638655462	0.20168067226890754	0.28781512605042014
0.050420168067226885	0.5273109243697478	0.3025210084033613	0.11974789915966386
0.10504201680672269	0.09033613445378151	0.029411764705882353	0.7752100840336135
0.008403361344537816	0.04411764705882353	0.8634453781512605	0.08403361344537816
0.03571428571428572	0.002100840336134454	0.6974789915966387	0.2647058823529412
0.004201680672268908	0.052521008403361345	0.9411764705882353	0.002100840336134454
0.17647058823529413	0.029411764705882353	0.012605042016806723	0.7815126050420168
0.014705882352941176	0.002100840336134454	0.9600840336134454	0.023109243697478993
0.014705882352941176	0.052521008403361345	0.8928571428571429	0.039915966386554626
0.04201680672268908	0.3466386554621849	0.12605042016806722	0.4852941176470588
0.0819327731092437	0.7289915966386555	0.08823529411764706	0.10084033613445378
0.13445378151260504	0.3088235294117647	0.18067226890756302	0.3760504201680672
URL http://hocomoco.autosome.ru/motif/GLI3_MOUSE.H11MO.0.D

