MEME version 4

ALPHABET= ACGT

Background letter frequencies
A 0.25 C 0.25 G 0.25 T 0.25

MOTIF HNF1B_MOUSE.H11MO.1.A
letter-probability matrix: alength= 4 w= 13 nsites= 500
0.21	0.32799999999999996	0.12199999999999998	0.33999999999999997
0.23799999999999996	0.158	0.136	0.46799999999999997
0.436	0.024	0.35800000000000004	0.182
0.062	0.004	0.904	0.03
0.01	0.032	0.016	0.9420000000000001
0.078	0.03	0.018000000000000002	0.874
0.972	0.008	0.018000000000000002	0.002
0.866	0.07200000000000001	0.022000000000000002	0.04
0.064	0.006000000000000001	0.006000000000000001	0.924
0.20600000000000002	0.222	0.42	0.15200000000000002
0.728	0.022000000000000002	0.03	0.22
0.06	0.02	0.12	0.8
0.002	0.064	0.002	0.932
URL http://hocomoco.autosome.ru/motif/HNF1B_MOUSE.H11MO.1.A

