MEME version 4

ALPHABET= ACGT

Background letter frequencies
A 0.25 C 0.25 G 0.25 T 0.25

MOTIF MAFA_MOUSE.H11MO.0.D
letter-probability matrix: alength= 4 w= 13 nsites= 500
0.09599999999999999	0.366	0.19199999999999998	0.346
0.07200000000000001	0.112	0.012	0.804
0.014	0.02	0.846	0.12
0.032	0.92	0.02	0.028
0.012	0.01	0.008	0.97
0.008	0.054	0.868	0.07
0.758	0.124	0.032	0.08600000000000001
0.055999999999999994	0.532	0.288	0.12399999999999999
0.174	0.12599999999999997	0.13799999999999998	0.5619999999999999
0.112	0.494	0.17400000000000002	0.22
0.38399999999999995	0.06999999999999999	0.13999999999999999	0.40599999999999997
0.11599999999999999	0.15	0.538	0.19599999999999998
0.06199999999999999	0.38999999999999996	0.206	0.34199999999999997
URL http://hocomoco.autosome.ru/motif/MAFA_MOUSE.H11MO.0.D

