MEME version 4

ALPHABET= ACGT

Background letter frequencies
A 0.25 C 0.25 G 0.25 T 0.25

MOTIF MAFK_MOUSE.H11MO.1.A
letter-probability matrix: alength= 4 w= 13 nsites= 389
0.10025706940874035	0.09768637532133675	0.056555269922879174	0.7455012853470436
0.028277634961439587	0.07969151670951156	0.8431876606683805	0.04884318766066838
0.09511568123393316	0.8123393316195372	0.030848329048843187	0.061696658097686374
0.08226221079691518	0.03598971722365039	0.010282776349614397	0.87146529562982
0.06683804627249357	0.007712082262210797	0.8637532133676092	0.061696658097686374
0.8329048843187661	0.012853470437017995	0.05398457583547558	0.10025706940874035
0.05398457583547558	0.0	0.9434447300771208	0.0025706940874035992
0.04113110539845759	0.06426735218508997	0.05141388174807198	0.8431876606683805
0.09768637532133675	0.8071979434447301	0.04113110539845759	0.05398457583547558
0.8894601542416453	0.012853470437017995	0.04370179948586118	0.05398457583547558
0.03598971722365039	0.05398457583547558	0.7017994858611825	0.20822622107969152
0.05141388174807198	0.7789203084832904	0.12853470437017994	0.04113110539845759
0.6169665809768637	0.12853470437017994	0.10539845758354756	0.14910025706940874
URL http://hocomoco.autosome.ru/motif/MAFK_MOUSE.H11MO.1.A

