MEME version 4

ALPHABET= ACGT

Background letter frequencies
A 0.25 C 0.25 G 0.25 T 0.25

MOTIF NR6A1_MOUSE.H11MO.0.D
letter-probability matrix: alength= 4 w= 13 nsites= 500
0.542	0.06	0.254	0.14400000000000002
0.6020000000000001	0.108	0.17400000000000002	0.116
0.198	0.032	0.554	0.216
0.018	0.12399999999999999	0.43399999999999994	0.424
0.052	0.32999999999999996	0.034	0.584
0.028	0.946	0.018000000000000002	0.008
0.884	0.108	0.004	0.004
0.884	0.024	0.048	0.044000000000000004
0.184	0.004	0.796	0.016
0.05999999999999999	0.04	0.5619999999999999	0.33799999999999997
0.074	0.24399999999999997	0.182	0.49999999999999994
0.084	0.7080000000000001	0.056	0.15200000000000002
0.7100000000000001	0.06	0.11	0.12
URL http://hocomoco.autosome.ru/motif/NR6A1_MOUSE.H11MO.0.D

