MEME version 4

ALPHABET= ACGT

Background letter frequencies
A 0.25 C 0.25 G 0.25 T 0.25

MOTIF PAX3_MOUSE.H11MO.0.D
letter-probability matrix: alength= 4 w= 13 nsites= 455
0.2967032967032967	0.16043956043956042	0.36043956043956044	0.1824175824175824
0.2043956043956044	0.16703296703296705	0.4175824175824176	0.210989010989011
0.2153846153846154	0.3252747252747253	0.2703296703296703	0.189010989010989
0.2593406593406593	0.035164835164835165	0.03956043956043956	0.6659340659340659
0.7164835164835165	0.2175824175824176	0.05714285714285714	0.008791208791208791
0.9648351648351648	0.019780219780219783	0.002197802197802198	0.013186813186813187
0.01098901098901099	0.07032967032967033	0.1010989010989011	0.8175824175824176
0.021978021978021976	0.048351648351648346	0.1978021978021978	0.7318681318681318
0.03736263736263737	0.08131868131868132	0.832967032967033	0.04835164835164835
0.6593406593406593	0.13846153846153847	0.13846153846153847	0.06373626373626373
0.1692307692307692	0.10769230769230768	0.07252747252747252	0.6505494505494505
0.11428571428571427	0.08571428571428572	0.11868131868131866	0.6813186813186812
0.5164835164835164	0.0923076923076923	0.07912087912087912	0.3120879120879121
URL http://hocomoco.autosome.ru/motif/PAX3_MOUSE.H11MO.0.D

