MEME version 4

ALPHABET= ACGT

Background letter frequencies
A 0.25 C 0.25 G 0.25 T 0.25

MOTIF PO3F2_MOUSE.H11MO.1.A
letter-probability matrix: alength= 4 w= 17 nsites= 284
0.3169014084507042	0.12323943661971831	0.4049295774647887	0.15492957746478872
0.15140845070422534	0.19014084507042253	0.2147887323943662	0.4436619718309859
0.04929577464788732	0.4859154929577465	0.35915492957746475	0.1056338028169014
0.22887323943661972	0.14084507042253522	0.04577464788732394	0.5845070422535211
0.07042253521126761	0.7605633802816901	0.02464788732394366	0.1443661971830986
0.7570422535211268	0.14084507042253522	0.0035211267605633804	0.09859154929577464
0.03873239436619718	0.0035211267605633804	0.02112676056338028	0.9366197183098591
0.028169014084507043	0.0	0.971830985915493	0.0
0.6584507042253521	0.3345070422535211	0.007042253521126761	0.0
0.9894366197183099	0.0	0.0	0.010563380281690142
0.0	0.0	0.0	1.0
0.8591549295774648	0.0035211267605633804	0.09859154929577464	0.03873239436619718
0.19718309859154928	0.17253521126760563	0.017605633802816902	0.6126760563380281
0.09154929577464788	0.02112676056338028	0.16901408450704225	0.7183098591549295
0.04225352112676056	0.5422535211267605	0.2535211267605634	0.1619718309859155
0.806338028169014	0.176056338028169	0.007042253521126761	0.010563380281690142
0.33098591549295775	0.02112676056338028	0.04929577464788732	0.5985915492957746
URL http://hocomoco.autosome.ru/motif/PO3F2_MOUSE.H11MO.1.A

