MEME version 4

ALPHABET= ACGT

Background letter frequencies
A 0.25 C 0.25 G 0.25 T 0.25

MOTIF RXRA_MOUSE.H11MO.1.A
letter-probability matrix: alength= 4 w= 22 nsites= 500
0.324	0.13	0.4739999999999999	0.072
0.19199999999999998	0.11999999999999998	0.5519999999999999	0.136
0.33	0.056	0.486	0.128
0.21999999999999997	0.047999999999999994	0.412	0.32
0.11599999999999999	0.274	0.548	0.06199999999999999
0.41600000000000004	0.062	0.396	0.126
0.152	0.158	0.23799999999999996	0.45199999999999996
0.15000000000000002	0.47000000000000003	0.252	0.128
0.502	0.168	0.2	0.13
0.46199999999999997	0.11199999999999999	0.302	0.12399999999999999
0.45999999999999996	0.055999999999999994	0.44999999999999996	0.034
0.79	0.004	0.2	0.006000000000000001
0.034	0.0	0.958	0.008
0.011999999999999999	0.0	0.544	0.44399999999999995
0.042	0.038000000000000006	0.054	0.866
0.012	0.934	0.032	0.022000000000000002
0.974	0.01	0.006000000000000001	0.01
0.5640000000000001	0.126	0.212	0.098
0.186	0.09399999999999999	0.6579999999999999	0.06199999999999999
0.15	0.076	0.6659999999999999	0.10799999999999998
0.178	0.25399999999999995	0.176	0.39199999999999996
0.138	0.546	0.168	0.14800000000000002
URL http://hocomoco.autosome.ru/motif/RXRA_MOUSE.H11MO.1.A

