MEME version 4

ALPHABET= ACGT

Background letter frequencies
A 0.25 C 0.25 G 0.25 T 0.25

MOTIF SALL1_MOUSE.H11MO.0.D
letter-probability matrix: alength= 4 w= 17 nsites= 500
0.232	0.08600000000000001	0.442	0.24
0.228	0.09000000000000001	0.468	0.214
0.10999999999999999	0.266	0.542	0.08199999999999999
0.464	0.006000000000000001	0.372	0.158
0.082	0.002	0.894	0.022000000000000002
0.038000000000000006	0.016	0.89	0.056
0.027999999999999997	0.322	0.64	0.01
0.38399999999999995	0.026	0.029999999999999995	0.5599999999999999
0.016	0.01	0.954	0.02
0.19	0.026000000000000002	0.5760000000000001	0.20800000000000002
0.098	0.012	0.834	0.056
0.116	0.082	0.784	0.018000000000000002
0.132	0.368	0.33399999999999996	0.16599999999999998
0.39599999999999996	0.18999999999999997	0.262	0.152
0.244	0.114	0.486	0.156
0.18999999999999997	0.102	0.578	0.13
0.17	0.246	0.446	0.138
URL http://hocomoco.autosome.ru/motif/SALL1_MOUSE.H11MO.0.D

