MEME version 4

ALPHABET= ACGT

Background letter frequencies
A 0.25 C 0.25 G 0.25 T 0.25

MOTIF SP5_MOUSE.H11MO.1.C
letter-probability matrix: alength= 4 w= 13 nsites= 446
0.1367713004484305	0.10313901345291482	0.5986547085201793	0.16143497757847536
0.2668161434977579	0.1659192825112108	0.4910313901345291	0.07623318385650225
0.4103139013452915	0.0852017937219731	0.37219730941704043	0.1322869955156951
0.24887892376681617	0.12331838565022422	0.5067264573991032	0.12107623318385652
0.23094170403587447	0.029147982062780273	0.45739910313901344	0.2825112107623319
0.28475336322869954	0.0	0.7152466367713005	0.0
0.006726457399103141	0.004484304932735427	0.9753363228699552	0.01345291479820628
0.0852017937219731	0.0336322869955157	0.8632286995515696	0.017937219730941707
0.625560538116592	0.27802690582959644	0.0022421524663677134	0.09417040358744397
0.12107623318385652	0.004484304932735427	0.8609865470852018	0.01345291479820628
0.0493273542600897	0.02017937219730942	0.8565022421524664	0.07399103139013455
0.5650224215246636	0.017937219730941707	0.37443946188340815	0.04260089686098655
0.0493273542600897	0.0336322869955157	0.8834080717488789	0.0336322869955157
URL http://hocomoco.autosome.ru/motif/SP5_MOUSE.H11MO.1.C

