MEME version 4

ALPHABET= ACGT

Background letter frequencies
A 0.25 C 0.25 G 0.25 T 0.25

MOTIF STAT1_MOUSE.H11MO.1.A
letter-probability matrix: alength= 4 w= 21 nsites= 500
0.172	0.18999999999999997	0.208	0.42999999999999994
0.16999999999999998	0.266	0.42599999999999993	0.13799999999999998
0.45199999999999996	0.11599999999999999	0.268	0.16399999999999998
0.16799999999999998	0.184	0.15	0.49799999999999994
0.07200000000000001	0.024	0.066	0.838
0.10799999999999998	0.018	0.176	0.698
0.27	0.604	0.038	0.088
0.152	0.38599999999999995	0.074	0.38799999999999996
0.432	0.054	0.43	0.084
0.33999999999999997	0.004	0.6539999999999999	0.002
0.016	0.008	0.956	0.02
0.98	0.002	0.014	0.004
0.988	0.004	0.006000000000000001	0.002
0.658	0.094	0.138	0.11
0.23199999999999998	0.19999999999999998	0.11599999999999999	0.45199999999999996
0.2	0.232	0.41600000000000004	0.15200000000000002
0.388	0.10200000000000001	0.476	0.034
0.6100000000000001	0.15000000000000002	0.20400000000000001	0.036000000000000004
0.5840000000000001	0.194	0.14	0.082
0.526	0.14800000000000002	0.14	0.186
0.146	0.46199999999999997	0.256	0.136
URL http://hocomoco.autosome.ru/motif/STAT1_MOUSE.H11MO.1.A

