MEME version 4

ALPHABET= ACGT

Background letter frequencies
A 0.25 C 0.25 G 0.25 T 0.25

MOTIF THB_MOUSE.H11MO.0.D
letter-probability matrix: alength= 4 w= 17 nsites= 500
0.38399999999999995	0.152	0.34199999999999997	0.12199999999999998
0.426	0.01	0.392	0.17200000000000001
0.126	0.026000000000000002	0.798	0.05
0.11999999999999998	0.132	0.638	0.10999999999999999
0.21399999999999997	0.144	0.20199999999999999	0.43999999999999995
0.052000000000000005	0.748	0.096	0.10400000000000001
0.84	0.042	0.042	0.07600000000000001
0.08600000000000001	0.35200000000000004	0.35200000000000004	0.21
0.16999999999999998	0.322	0.146	0.362
0.09399999999999999	0.27	0.236	0.39999999999999997
0.25	0.214	0.35600000000000004	0.18000000000000002
0.598	0.018	0.344	0.04
0.12	0.004	0.85	0.026000000000000002
0.084	0.05	0.856	0.01
0.52	0.20400000000000001	0.09000000000000001	0.186
0.11800000000000001	0.7000000000000001	0.108	0.07400000000000001
0.76	0.064	0.07200000000000001	0.10400000000000001
URL http://hocomoco.autosome.ru/motif/THB_MOUSE.H11MO.0.D

